Id	Desc	BuildingType	Name	Level	Description	Icon	Res	Prosperity	NeedBuilding1	NeedBuilding2	NeedBuilding3	NeedProsperity	NeedTime	NeedStone	NeedGold	NeedIron	NeedFood
INT	STRING	INT	STRING	INT	STRING	STRING	STRING	INT	STRING	STRING	STRING	INT	INT	INT	INT	INT	INT
#MAX_ID=99999;MAX_RECORD=1024;TableType=Hash;																	
#ID	程序不读	建筑物类型(CityBuildingDefault-Id)	名称	等级	描述	图标	模型资源	提供繁荣度	前置建筑物Id列表1	前置建筑物Id列表2	前置建筑物Id列表3	所需繁荣度（升到当级）	所需时间(s）	所需石料	所需金币	所需铁矿	所需粮食
1		1	城堡	1	城堡很重要，升级全靠它	res\InGame\GUI\	\res\InGame\Models	1	0	0	0	0	0	0	0	0	0
2		1	城堡	2	城堡很重要，升级全靠它			2	32	0	0	0	300	1000	1000	0	0
3		1	城堡	3	城堡很重要，升级全靠它			3	33	0	0	0	900	1000	1000	0	0
4		1	城堡	4	城堡很重要，升级全靠它			4	34	0	0	0	2700	1000	1000	0	0
5		1	城堡	5	城堡很重要，升级全靠它			5	35	0	0	0	1860	1000	1000	0	0
6		1	城堡	6	城堡很重要，升级全靠它			6	36	0	0	0	240	1000	1000	0	0
7		1	城堡	7	城堡很重要，升级全靠它			7	37	0	0	0	360	1000	1000	0	0
8		1	城堡	8	城堡很重要，升级全靠它			8	38	0	0	136	540	1000	1000	0	0
9		1	城堡	9	城堡很重要，升级全靠它			9	39	0	0	166	720	1000	1000	0	0
10		1	城堡	10	城堡很重要，升级全靠它			10	40	0	0	200	1020	1000	1000	0	0
11		1	城堡	11	城堡很重要，升级全靠它			11	41	0	0	234	1320	1000	1000	0	0
12		1	城堡	12	城堡很重要，升级全靠它			12	42	0	0	272	300	1000	1000	0	0
13		1	城堡	13	城堡很重要，升级全靠它			13	43	0	0	310	660	1000	1000	0	0
14		1	城堡	14	城堡很重要，升级全靠它			14	44	0	0	348	1260	1000	1000	0	0
15		1	城堡	15	城堡很重要，升级全靠它			15	45	0	0	386	480	1000	1000	0	0
16		1	城堡	16	城堡很重要，升级全靠它			16	46	0	0	424	1140	1000	1000	0	0
17		1	城堡	17	城堡很重要，升级全靠它			17	47	0	0	462	540	1000	1000	0	0
18		1	城堡	18	城堡很重要，升级全靠它			18	48	0	0	500	240	1000	1000	0	0
19		1	城堡	19	城堡很重要，升级全靠它			19	49	0	0	538	960	1000	1000	0	0
20		1	城堡	20	城堡很重要，升级全靠它			20	50	0	0	576	660	1000	1000	0	0
21		1	城堡	21	城堡很重要，升级全靠它			21	51	0	0	614	360	1000	1000	0	0
22		1	城堡	22	城堡很重要，升级全靠它			22	52	0	0	652	420	1000	1000	0	0
23		1	城堡	23	城堡很重要，升级全靠它			23	53	0	0	690	480	1000	1000	0	0
24		1	城堡	24	城堡很重要，升级全靠它			24	54	0	0	728	540	1000	1000	0	0
25		1	城堡	25	城堡很重要，升级全靠它			25	55	0	0	766	840	1000	1000	0	0
26		1	城堡	26	城堡很重要，升级全靠它			26	56	0	0	804	1260	1000	1000	0	0
27		1	城堡	27	城堡很重要，升级全靠它			27	57	0	0	842	1800	1000	1000	0	0
28		1	城堡	28	城堡很重要，升级全靠它			28	58	0	0	880	1140	1000	1000	0	0
29		1	城堡	29	城堡很重要，升级全靠它			29	59	0	0	918	1980	1000	1000	0	0
30		1	城堡	30	城堡很重要，升级全靠它			30	60	0	0	956	1620	1000	1000	0	0
31		2	城墙	1	城墙跟着城堡升级喽			1	0	0	0	0	0	1000	1000	0	0
32		2	城墙	2	城墙跟着城堡升级喽			2	1	0	0	0	300	1000	1000	0	0
33		2	城墙	3	城墙跟着城堡升级喽			3	2	0	0	0	900	1000	1000	0	0
34		2	城墙	4	城墙跟着城堡升级喽			4	3	0	0	0	2700	1000	1000	0	0
35		2	城墙	5	城墙跟着城堡升级喽			5	4	0	0	0	1860	1000	1000	0	0
36		2	城墙	6	城墙跟着城堡升级喽			6	5	0	0	0	240	1000	1000	0	0
37		2	城墙	7	城墙跟着城堡升级喽			7	6	0	0	0	360	1000	1000	0	0
38		2	城墙	8	城墙跟着城堡升级喽			8	7	0	0	0	540	1000	1000	0	0
39		2	城墙	9	城墙跟着城堡升级喽			9	8	0	0	0	720	1000	1000	0	0
40		2	城墙	10	城墙跟着城堡升级喽			10	9	0	0	0	1020	1000	1000	0	0
41		2	城墙	11	城墙跟着城堡升级喽			11	10	0	0	0	1320	1000	1000	0	0
42		2	城墙	12	城墙跟着城堡升级喽			12	11	0	0	0	300	1000	1000	0	0
43		2	城墙	13	城墙跟着城堡升级喽			13	12	0	0	0	660	1000	1000	0	0
44		2	城墙	14	城墙跟着城堡升级喽			14	13	0	0	0	1260	1000	1000	0	0
45		2	城墙	15	城墙跟着城堡升级喽			15	14	0	0	0	480	1000	1000	0	0
46		2	城墙	16	城墙跟着城堡升级喽			16	15	0	0	0	1140	1000	1000	0	0
47		2	城墙	17	城墙跟着城堡升级喽			17	16	0	0	0	540	1000	1000	0	0
48		2	城墙	18	城墙跟着城堡升级喽			18	17	0	0	0	240	1000	1000	0	0
49		2	城墙	19	城墙跟着城堡升级喽			19	18	0	0	0	960	1000	1000	0	0
50		2	城墙	20	城墙跟着城堡升级喽			20	19	0	0	0	660	1000	1000	0	0
51		2	城墙	21	城墙跟着城堡升级喽			21	20	0	0	0	360	1000	1000	0	0
52		2	城墙	22	城墙跟着城堡升级喽			22	21	0	0	0	420	1000	1000	0	0
53		2	城墙	23	城墙跟着城堡升级喽			23	22	0	0	0	480	1000	1000	0	0
54		2	城墙	24	城墙跟着城堡升级喽			24	23	0	0	0	540	1000	1000	0	0
55		2	城墙	25	城墙跟着城堡升级喽			25	24	0	0	0	840	1000	1000	0	0
56		2	城墙	26	城墙跟着城堡升级喽			26	25	0	0	0	1260	1000	1000	0	0
57		2	城墙	27	城墙跟着城堡升级喽			27	26	0	0	0	1800	1000	1000	0	0
58		2	城墙	28	城墙跟着城堡升级喽			28	27	0	0	0	1140	1000	1000	0	0
59		2	城墙	29	城墙跟着城堡升级喽			29	28	0	0	0	1980	1000	1000	0	0
60		2	城墙	30	城墙跟着城堡升级喽			30	29	0	0	0	1620	1000	1000	0	0
61		3	仓库	1	提升仓库等级，可存储更多资源			1	0	0	0	0	0	1000	1000	0	0
62		3	仓库	2	提升仓库等级，可存储更多资源			2	0	0	0	0	300	1000	1000	0	0
63		3	仓库	3	提升仓库等级，可存储更多资源			3	0	0	0	0	900	1000	1000	0	0
64		3	仓库	4	提升仓库等级，可存储更多资源			4	0	0	0	0	2700	1000	1000	0	0
65		3	仓库	5	提升仓库等级，可存储更多资源			5	0	0	0	0	1860	1000	1000	0	0
66		3	仓库	6	提升仓库等级，可存储更多资源			6	0	0	0	0	240	1000	1000	0	0
67		3	仓库	7	提升仓库等级，可存储更多资源			7	0	0	0	0	360	1000	1000	0	0
68		3	仓库	8	提升仓库等级，可存储更多资源			8	0	0	0	0	540	1000	1000	0	0
69		3	仓库	9	提升仓库等级，可存储更多资源			9	0	0	0	0	720	1000	1000	0	0
70		3	仓库	10	提升仓库等级，可存储更多资源			10	0	0	0	0	1020	1000	1000	0	0
71		3	仓库	11	提升仓库等级，可存储更多资源			11	0	0	0	0	1320	1000	1000	0	0
72		3	仓库	12	提升仓库等级，可存储更多资源			12	0	0	0	0	300	1000	1000	0	0
73		3	仓库	13	提升仓库等级，可存储更多资源			13	0	0	0	0	660	1000	1000	0	0
74		3	仓库	14	提升仓库等级，可存储更多资源			14	0	0	0	0	1260	1000	1000	0	0
75		3	仓库	15	提升仓库等级，可存储更多资源			15	0	0	0	0	480	1000	1000	0	0
76		3	仓库	16	提升仓库等级，可存储更多资源			16	0	0	0	0	1140	1000	1000	0	0
77		3	仓库	17	提升仓库等级，可存储更多资源			17	0	0	0	0	540	1000	1000	0	0
78		3	仓库	18	提升仓库等级，可存储更多资源			18	0	0	0	0	240	1000	1000	0	0
79		3	仓库	19	提升仓库等级，可存储更多资源			19	0	0	0	0	960	1000	1000	0	0
80		3	仓库	20	提升仓库等级，可存储更多资源			20	0	0	0	0	660	1000	1000	0	0
81		3	仓库	21	提升仓库等级，可存储更多资源			21	0	0	0	0	360	1000	1000	0	0
82		3	仓库	22	提升仓库等级，可存储更多资源			22	0	0	0	0	420	1000	1000	0	0
83		3	仓库	23	提升仓库等级，可存储更多资源			23	0	0	0	0	480	1000	1000	0	0
84		3	仓库	24	提升仓库等级，可存储更多资源			24	0	0	0	0	540	1000	1000	0	0
85		3	仓库	25	提升仓库等级，可存储更多资源			25	0	0	0	0	840	1000	1000	0	0
86		3	仓库	26	提升仓库等级，可存储更多资源			26	0	0	0	0	1260	1000	1000	0	0
87		3	仓库	27	提升仓库等级，可存储更多资源			27	0	0	0	0	1800	1000	1000	0	0
88		3	仓库	28	提升仓库等级，可存储更多资源			28	0	0	0	0	1140	1000	1000	0	0
89		3	仓库	29	提升仓库等级，可存储更多资源			29	0	0	0	0	1980	1000	1000	0	0
90		3	仓库	30	提升仓库等级，可存储更多资源			30	0	0	0	0	1620	1000	1000	0	0
91		4	战利品仓库	1	战利品仓库升级，提高战利品导入仓库的速度			1	0	0	0	0	0	1000	1000	0	0
92		4	战利品仓库	2	战利品仓库升级，提高战利品导入仓库的速度			2	0	0	0	0	300	1000	1000	0	0
93		4	战利品仓库	3	战利品仓库升级，提高战利品导入仓库的速度			3	0	0	0	0	900	1000	1000	0	0
94		4	战利品仓库	4	战利品仓库升级，提高战利品导入仓库的速度			4	0	0	0	0	2700	1000	1000	0	0
95		4	战利品仓库	5	战利品仓库升级，提高战利品导入仓库的速度			5	0	0	0	0	1860	1000	1000	0	0
96		4	战利品仓库	6	战利品仓库升级，提高战利品导入仓库的速度			6	0	0	0	0	240	1000	1000	0	0
97		4	战利品仓库	7	战利品仓库升级，提高战利品导入仓库的速度			7	0	0	0	0	360	1000	1000	0	0
98		4	战利品仓库	8	战利品仓库升级，提高战利品导入仓库的速度			8	0	0	0	0	540	1000	1000	0	0
99		4	战利品仓库	9	战利品仓库升级，提高战利品导入仓库的速度			9	0	0	0	0	720	1000	1000	0	0
100		4	战利品仓库	10	战利品仓库升级，提高战利品导入仓库的速度			10	0	0	0	0	1020	1000	1000	0	0
101		4	战利品仓库	11	战利品仓库升级，提高战利品导入仓库的速度			11	0	0	0	0	1320	1000	1000	0	0
102		4	战利品仓库	12	战利品仓库升级，提高战利品导入仓库的速度			12	0	0	0	0	300	1000	1000	0	0
103		4	战利品仓库	13	战利品仓库升级，提高战利品导入仓库的速度			13	0	0	0	0	660	1000	1000	0	0
104		4	战利品仓库	14	战利品仓库升级，提高战利品导入仓库的速度			14	0	0	0	0	1260	1000	1000	0	0
105		4	战利品仓库	15	战利品仓库升级，提高战利品导入仓库的速度			15	0	0	0	0	480	1000	1000	0	0
106		4	战利品仓库	16	战利品仓库升级，提高战利品导入仓库的速度			16	0	0	0	0	1140	1000	1000	0	0
107		4	战利品仓库	17	战利品仓库升级，提高战利品导入仓库的速度			17	0	0	0	0	540	1000	1000	0	0
108		4	战利品仓库	18	战利品仓库升级，提高战利品导入仓库的速度			18	0	0	0	0	240	1000	1000	0	0
109		4	战利品仓库	19	战利品仓库升级，提高战利品导入仓库的速度			19	0	0	0	0	960	1000	1000	0	0
110		4	战利品仓库	20	战利品仓库升级，提高战利品导入仓库的速度			20	0	0	0	0	660	1000	1000	0	0
111		4	战利品仓库	21	战利品仓库升级，提高战利品导入仓库的速度			21	0	0	0	0	360	1000	1000	0	0
112		4	战利品仓库	22	战利品仓库升级，提高战利品导入仓库的速度			22	0	0	0	0	420	1000	1000	0	0
113		4	战利品仓库	23	战利品仓库升级，提高战利品导入仓库的速度			23	0	0	0	0	480	1000	1000	0	0
114		4	战利品仓库	24	战利品仓库升级，提高战利品导入仓库的速度			24	0	0	0	0	540	1000	1000	0	0
115		4	战利品仓库	25	战利品仓库升级，提高战利品导入仓库的速度			25	0	0	0	0	840	1000	1000	0	0
116		4	战利品仓库	26	战利品仓库升级，提高战利品导入仓库的速度			26	0	0	0	0	1260	1000	1000	0	0
117		4	战利品仓库	27	战利品仓库升级，提高战利品导入仓库的速度			27	0	0	0	0	1800	1000	1000	0	0
118		4	战利品仓库	28	战利品仓库升级，提高战利品导入仓库的速度			28	0	0	0	0	1140	1000	1000	0	0
119		4	战利品仓库	29	战利品仓库升级，提高战利品导入仓库的速度			29	0	0	0	0	1980	1000	1000	0	0
120		4	战利品仓库	30	战利品仓库升级，提高战利品导入仓库的速度			30	0	0	0	0	1620	1000	1000	0	0
121	采石场1	5	采石场	1	第一个采石场，生产石料			1	0	0	0	0	0	1000	1000	0	0
122	采石场1	5	采石场	2	第一个采石场，生产石料			2	0	0	0	0	300	1000	1000	0	0
123	采石场1	5	采石场	3	第一个采石场，生产石料			3	0	0	0	0	900	1000	1000	0	0
124	采石场1	5	采石场	4	第一个采石场，生产石料			4	0	0	0	0	2700	1000	1000	0	0
125	采石场1	5	采石场	5	第一个采石场，生产石料			5	0	0	0	0	1860	1000	1000	0	0
126	采石场1	5	采石场	6	第一个采石场，生产石料			6	0	0	0	0	240	1000	1000	0	0
127	采石场1	5	采石场	7	第一个采石场，生产石料			7	0	0	0	0	360	1000	1000	0	0
128	采石场1	5	采石场	8	第一个采石场，生产石料			8	0	0	0	0	540	1000	1000	0	0
129	采石场1	5	采石场	9	第一个采石场，生产石料			9	0	0	0	0	720	1000	1000	0	0
130	采石场1	5	采石场	10	第一个采石场，生产石料			10	0	0	0	0	1020	1000	1000	0	0
131	采石场1	5	采石场	11	第一个采石场，生产石料			11	0	0	0	0	1320	1000	1000	0	0
132	采石场1	5	采石场	12	第一个采石场，生产石料			12	0	0	0	0	300	1000	1000	0	0
133	采石场1	5	采石场	13	第一个采石场，生产石料			13	0	0	0	0	660	1000	1000	0	0
134	采石场1	5	采石场	14	第一个采石场，生产石料			14	0	0	0	0	1260	1000	1000	0	0
135	采石场1	5	采石场	15	第一个采石场，生产石料			15	0	0	0	0	480	1000	1000	0	0
136	采石场1	5	采石场	16	第一个采石场，生产石料			16	0	0	0	0	1140	1000	1000	0	0
137	采石场1	5	采石场	17	第一个采石场，生产石料			17	0	0	0	0	540	1000	1000	0	0
138	采石场1	5	采石场	18	第一个采石场，生产石料			18	0	0	0	0	240	1000	1000	0	0
139	采石场1	5	采石场	19	第一个采石场，生产石料			19	0	0	0	0	960	1000	1000	0	0
140	采石场1	5	采石场	20	第一个采石场，生产石料			20	0	0	0	0	660	1000	1000	0	0
141	采石场1	5	采石场	21	第一个采石场，生产石料			21	0	0	0	0	360	1000	1000	0	0
142	采石场1	5	采石场	22	第一个采石场，生产石料			22	0	0	0	0	420	1000	1000	0	0
143	采石场1	5	采石场	23	第一个采石场，生产石料			23	0	0	0	0	480	1000	1000	0	0
144	采石场1	5	采石场	24	第一个采石场，生产石料			24	0	0	0	0	540	1000	1000	0	0
145	采石场1	5	采石场	25	第一个采石场，生产石料			25	0	0	0	0	840	1000	1000	0	0
146	采石场1	5	采石场	26	第一个采石场，生产石料			26	0	0	0	0	1260	1000	1000	0	0
147	采石场1	5	采石场	27	第一个采石场，生产石料			27	0	0	0	0	1800	1000	1000	0	0
148	采石场1	5	采石场	28	第一个采石场，生产石料			28	0	0	0	0	1140	1000	1000	0	0
149	采石场1	5	采石场	29	第一个采石场，生产石料			29	0	0	0	0	1980	1000	1000	0	0
150	采石场1	5	采石场	30	第一个采石场，生产石料			30	0	0	0	0	1620	1000	1000	0	0
151	采石场2	6	采石场	1	第2个采石场，生产石料			1	0	0	0	0	0	1000	1000	0	0
152	采石场2	6	采石场	2	第2个采石场，生产石料			2	0	0	0	0	300	1000	1000	0	0
153	采石场2	6	采石场	3	第2个采石场，生产石料			3	0	0	0	0	900	1000	1000	0	0
154	采石场2	6	采石场	4	第2个采石场，生产石料			4	0	0	0	0	2700	1000	1000	0	0
155	采石场2	6	采石场	5	第2个采石场，生产石料			5	0	0	0	0	1860	1000	1000	0	0
156	采石场2	6	采石场	6	第2个采石场，生产石料			6	0	0	0	0	240	1000	1000	0	0
157	采石场2	6	采石场	7	第2个采石场，生产石料			7	0	0	0	0	360	1000	1000	0	0
158	采石场2	6	采石场	8	第2个采石场，生产石料			8	0	0	0	0	540	1000	1000	0	0
159	采石场2	6	采石场	9	第2个采石场，生产石料			9	0	0	0	0	720	1000	1000	0	0
160	采石场2	6	采石场	10	第2个采石场，生产石料			10	0	0	0	0	1020	1000	1000	0	0
161	采石场2	6	采石场	11	第2个采石场，生产石料			11	0	0	0	0	1320	1000	1000	0	0
162	采石场2	6	采石场	12	第2个采石场，生产石料			12	0	0	0	0	300	1000	1000	0	0
163	采石场2	6	采石场	13	第2个采石场，生产石料			13	0	0	0	0	660	1000	1000	0	0
164	采石场2	6	采石场	14	第2个采石场，生产石料			14	0	0	0	0	1260	1000	1000	0	0
165	采石场2	6	采石场	15	第2个采石场，生产石料			15	0	0	0	0	480	1000	1000	0	0
166	采石场2	6	采石场	16	第2个采石场，生产石料			16	0	0	0	0	1140	1000	1000	0	0
167	采石场2	6	采石场	17	第2个采石场，生产石料			17	0	0	0	0	540	1000	1000	0	0
168	采石场2	6	采石场	18	第2个采石场，生产石料			18	0	0	0	0	240	1000	1000	0	0
169	采石场2	6	采石场	19	第2个采石场，生产石料			19	0	0	0	0	960	1000	1000	0	0
170	采石场2	6	采石场	20	第2个采石场，生产石料			20	0	0	0	0	660	1000	1000	0	0
171	采石场2	6	采石场	21	第2个采石场，生产石料			21	0	0	0	0	360	1000	1000	0	0
172	采石场2	6	采石场	22	第2个采石场，生产石料			22	0	0	0	0	420	1000	1000	0	0
173	采石场2	6	采石场	23	第2个采石场，生产石料			23	0	0	0	0	480	1000	1000	0	0
174	采石场2	6	采石场	24	第2个采石场，生产石料			24	0	0	0	0	540	1000	1000	0	0
175	采石场2	6	采石场	25	第2个采石场，生产石料			25	0	0	0	0	840	1000	1000	0	0
176	采石场2	6	采石场	26	第2个采石场，生产石料			26	0	0	0	0	1260	1000	1000	0	0
177	采石场2	6	采石场	27	第2个采石场，生产石料			27	0	0	0	0	1800	1000	1000	0	0
178	采石场2	6	采石场	28	第2个采石场，生产石料			28	0	0	0	0	1140	1000	1000	0	0
179	采石场2	6	采石场	29	第2个采石场，生产石料			29	0	0	0	0	1980	1000	1000	0	0
180	采石场2	6	采石场	30	第2个采石场，生产石料			30	0	0	0	0	1620	1000	1000	0	0
181	采石场3	7	采石场	1	第三个采石场，生产石料			1	0	0	0	0	0	1000	1000	0	0
182	采石场3	7	采石场	2	第三个采石场，生产石料			2	0	0	0	0	300	1000	1000	0	0
183	采石场3	7	采石场	3	第三个采石场，生产石料			3	0	0	0	0	900	1000	1000	0	0
184	采石场3	7	采石场	4	第三个采石场，生产石料			4	0	0	0	0	2700	1000	1000	0	0
185	采石场3	7	采石场	5	第三个采石场，生产石料			5	0	0	0	0	1860	1000	1000	0	0
186	采石场3	7	采石场	6	第三个采石场，生产石料			6	0	0	0	0	240	1000	1000	0	0
187	采石场3	7	采石场	7	第三个采石场，生产石料			7	0	0	0	0	360	1000	1000	0	0
188	采石场3	7	采石场	8	第三个采石场，生产石料			8	0	0	0	0	540	1000	1000	0	0
189	采石场3	7	采石场	9	第三个采石场，生产石料			9	0	0	0	0	720	1000	1000	0	0
190	采石场3	7	采石场	10	第三个采石场，生产石料			10	0	0	0	0	1020	1000	1000	0	0
191	采石场3	7	采石场	11	第三个采石场，生产石料			11	0	0	0	0	1320	1000	1000	0	0
192	采石场3	7	采石场	12	第三个采石场，生产石料			12	0	0	0	0	300	1000	1000	0	0
193	采石场3	7	采石场	13	第三个采石场，生产石料			13	0	0	0	0	660	1000	1000	0	0
194	采石场3	7	采石场	14	第三个采石场，生产石料			14	0	0	0	0	1260	1000	1000	0	0
195	采石场3	7	采石场	15	第三个采石场，生产石料			15	0	0	0	0	480	1000	1000	0	0
196	采石场3	7	采石场	16	第三个采石场，生产石料			16	0	0	0	0	1140	1000	1000	0	0
197	采石场3	7	采石场	17	第三个采石场，生产石料			17	0	0	0	0	540	1000	1000	0	0
198	采石场3	7	采石场	18	第三个采石场，生产石料			18	0	0	0	0	240	1000	1000	0	0
199	采石场3	7	采石场	19	第三个采石场，生产石料			19	0	0	0	0	960	1000	1000	0	0
200	采石场3	7	采石场	20	第三个采石场，生产石料			20	0	0	0	0	660	1000	1000	0	0
201	采石场3	7	采石场	21	第三个采石场，生产石料			21	0	0	0	0	360	1000	1000	0	0
202	采石场3	7	采石场	22	第三个采石场，生产石料			22	0	0	0	0	420	1000	1000	0	0
203	采石场3	7	采石场	23	第三个采石场，生产石料			23	0	0	0	0	480	1000	1000	0	0
204	采石场3	7	采石场	24	第三个采石场，生产石料			24	0	0	0	0	540	1000	1000	0	0
205	采石场3	7	采石场	25	第三个采石场，生产石料			25	0	0	0	0	840	1000	1000	0	0
206	采石场3	7	采石场	26	第三个采石场，生产石料			26	0	0	0	0	1260	1000	1000	0	0
207	采石场3	7	采石场	27	第三个采石场，生产石料			27	0	0	0	0	1800	1000	1000	0	0
208	采石场3	7	采石场	28	第三个采石场，生产石料			28	0	0	0	0	1140	1000	1000	0	0
209	采石场3	7	采石场	29	第三个采石场，生产石料			29	0	0	0	0	1980	1000	1000	0	0
210	采石场3	7	采石场	30	第三个采石场，生产石料			30	0	0	0	0	1620	1000	1000	0	0
211	采石场4	8	采石场	1	第4个采石场，生产石料			1	0	0	0	0	0	1000	1000	0	0
212	采石场4	8	采石场	2	第4个采石场，生产石料			2	0	0	0	0	300	1000	1000	0	0
213	采石场4	8	采石场	3	第4个采石场，生产石料			3	0	0	0	0	900	1000	1000	0	0
214	采石场4	8	采石场	4	第4个采石场，生产石料			4	0	0	0	0	2700	1000	1000	0	0
215	采石场4	8	采石场	5	第4个采石场，生产石料			5	0	0	0	0	1860	1000	1000	0	0
216	采石场4	8	采石场	6	第4个采石场，生产石料			6	0	0	0	0	240	1000	1000	0	0
217	采石场4	8	采石场	7	第4个采石场，生产石料			7	0	0	0	0	360	1000	1000	0	0
218	采石场4	8	采石场	8	第4个采石场，生产石料			8	0	0	0	0	540	1000	1000	0	0
219	采石场4	8	采石场	9	第4个采石场，生产石料			9	0	0	0	0	720	1000	1000	0	0
220	采石场4	8	采石场	10	第4个采石场，生产石料			10	0	0	0	0	1020	1000	1000	0	0
221	采石场4	8	采石场	11	第4个采石场，生产石料			11	0	0	0	0	1320	1000	1000	0	0
222	采石场4	8	采石场	12	第4个采石场，生产石料			12	0	0	0	0	300	1000	1000	0	0
223	采石场4	8	采石场	13	第4个采石场，生产石料			13	0	0	0	0	660	1000	1000	0	0
224	采石场4	8	采石场	14	第4个采石场，生产石料			14	0	0	0	0	1260	1000	1000	0	0
225	采石场4	8	采石场	15	第4个采石场，生产石料			15	0	0	0	0	480	1000	1000	0	0
226	采石场4	8	采石场	16	第4个采石场，生产石料			16	0	0	0	0	1140	1000	1000	0	0
227	采石场4	8	采石场	17	第4个采石场，生产石料			17	0	0	0	0	540	1000	1000	0	0
228	采石场4	8	采石场	18	第4个采石场，生产石料			18	0	0	0	0	240	1000	1000	0	0
229	采石场4	8	采石场	19	第4个采石场，生产石料			19	0	0	0	0	960	1000	1000	0	0
230	采石场4	8	采石场	20	第4个采石场，生产石料			20	0	0	0	0	660	1000	1000	0	0
231	采石场4	8	采石场	21	第4个采石场，生产石料			21	0	0	0	0	360	1000	1000	0	0
232	采石场4	8	采石场	22	第4个采石场，生产石料			22	0	0	0	0	420	1000	1000	0	0
233	采石场4	8	采石场	23	第4个采石场，生产石料			23	0	0	0	0	480	1000	1000	0	0
234	采石场4	8	采石场	24	第4个采石场，生产石料			24	0	0	0	0	540	1000	1000	0	0
235	采石场4	8	采石场	25	第4个采石场，生产石料			25	0	0	0	0	840	1000	1000	0	0
236	采石场4	8	采石场	26	第4个采石场，生产石料			26	0	0	0	0	1260	1000	1000	0	0
237	采石场4	8	采石场	27	第4个采石场，生产石料			27	0	0	0	0	1800	1000	1000	0	0
238	采石场4	8	采石场	28	第4个采石场，生产石料			28	0	0	0	0	1140	1000	1000	0	0
239	采石场4	8	采石场	29	第4个采石场，生产石料			29	0	0	0	0	1980	1000	1000	0	0
240	采石场4	8	采石场	30	第4个采石场，生产石料			30	0	0	0	0	1620	1000	1000	0	0
241	采石场5	9	采石场	1	第五个采石场，生产石料			1	0	0	0	0	0	1000	1000	0	0
242	采石场5	9	采石场	2	第五个采石场，生产石料			2	0	0	0	0	300	1000	1000	0	0
243	采石场5	9	采石场	3	第五个采石场，生产石料			3	0	0	0	0	900	1000	1000	0	0
244	采石场5	9	采石场	4	第五个采石场，生产石料			4	0	0	0	0	2700	1000	1000	0	0
245	采石场5	9	采石场	5	第五个采石场，生产石料			5	0	0	0	0	1860	1000	1000	0	0
246	采石场5	9	采石场	6	第五个采石场，生产石料			6	0	0	0	0	240	1000	1000	0	0
247	采石场5	9	采石场	7	第五个采石场，生产石料			7	0	0	0	0	360	1000	1000	0	0
248	采石场5	9	采石场	8	第五个采石场，生产石料			8	0	0	0	0	540	1000	1000	0	0
249	采石场5	9	采石场	9	第五个采石场，生产石料			9	0	0	0	0	720	1000	1000	0	0
250	采石场5	9	采石场	10	第五个采石场，生产石料			10	0	0	0	0	1020	1000	1000	0	0
251	采石场5	9	采石场	11	第五个采石场，生产石料			11	0	0	0	0	1320	1000	1000	0	0
252	采石场5	9	采石场	12	第五个采石场，生产石料			12	0	0	0	0	300	1000	1000	0	0
253	采石场5	9	采石场	13	第五个采石场，生产石料			13	0	0	0	0	660	1000	1000	0	0
254	采石场5	9	采石场	14	第五个采石场，生产石料			14	0	0	0	0	1260	1000	1000	0	0
255	采石场5	9	采石场	15	第五个采石场，生产石料			15	0	0	0	0	480	1000	1000	0	0
256	采石场5	9	采石场	16	第五个采石场，生产石料			16	0	0	0	0	1140	1000	1000	0	0
257	采石场5	9	采石场	17	第五个采石场，生产石料			17	0	0	0	0	540	1000	1000	0	0
258	采石场5	9	采石场	18	第五个采石场，生产石料			18	0	0	0	0	240	1000	1000	0	0
259	采石场5	9	采石场	19	第五个采石场，生产石料			19	0	0	0	0	960	1000	1000	0	0
260	采石场5	9	采石场	20	第五个采石场，生产石料			20	0	0	0	0	660	1000	1000	0	0
261	采石场5	9	采石场	21	第五个采石场，生产石料			21	0	0	0	0	360	1000	1000	0	0
262	采石场5	9	采石场	22	第五个采石场，生产石料			22	0	0	0	0	420	1000	1000	0	0
263	采石场5	9	采石场	23	第五个采石场，生产石料			23	0	0	0	0	480	1000	1000	0	0
264	采石场5	9	采石场	24	第五个采石场，生产石料			24	0	0	0	0	540	1000	1000	0	0
265	采石场5	9	采石场	25	第五个采石场，生产石料			25	0	0	0	0	840	1000	1000	0	0
266	采石场5	9	采石场	26	第五个采石场，生产石料			26	0	0	0	0	1260	1000	1000	0	0
267	采石场5	9	采石场	27	第五个采石场，生产石料			27	0	0	0	0	1800	1000	1000	0	0
268	采石场5	9	采石场	28	第五个采石场，生产石料			28	0	0	0	0	1140	1000	1000	0	0
269	采石场5	9	采石场	29	第五个采石场，生产石料			29	0	0	0	0	1980	1000	1000	0	0
270	采石场5	9	采石场	30	第五个采石场，生产石料			30	0	0	0	0	1620	1000	1000	0	0
271	采石场6	10	采石场	1	第6个采石场，生产石料			1	0	0	0	0	0	1000	1000	0	0
272	采石场6	10	采石场	2	第6个采石场，生产石料			2	0	0	0	0	300	1000	1000	0	0
273	采石场6	10	采石场	3	第6个采石场，生产石料			3	0	0	0	0	900	1000	1000	0	0
274	采石场6	10	采石场	4	第6个采石场，生产石料			4	0	0	0	0	2700	1000	1000	0	0
275	采石场6	10	采石场	5	第6个采石场，生产石料			5	0	0	0	0	1860	1000	1000	0	0
276	采石场6	10	采石场	6	第6个采石场，生产石料			6	0	0	0	0	240	1000	1000	0	0
277	采石场6	10	采石场	7	第6个采石场，生产石料			7	0	0	0	0	360	1000	1000	0	0
278	采石场6	10	采石场	8	第6个采石场，生产石料			8	0	0	0	0	540	1000	1000	0	0
279	采石场6	10	采石场	9	第6个采石场，生产石料			9	0	0	0	0	720	1000	1000	0	0
280	采石场6	10	采石场	10	第6个采石场，生产石料			10	0	0	0	0	1020	1000	1000	0	0
281	采石场6	10	采石场	11	第6个采石场，生产石料			11	0	0	0	0	1320	1000	1000	0	0
282	采石场6	10	采石场	12	第6个采石场，生产石料			12	0	0	0	0	300	1000	1000	0	0
283	采石场6	10	采石场	13	第6个采石场，生产石料			13	0	0	0	0	660	1000	1000	0	0
284	采石场6	10	采石场	14	第6个采石场，生产石料			14	0	0	0	0	1260	1000	1000	0	0
285	采石场6	10	采石场	15	第6个采石场，生产石料			15	0	0	0	0	480	1000	1000	0	0
286	采石场6	10	采石场	16	第6个采石场，生产石料			16	0	0	0	0	1140	1000	1000	0	0
287	采石场6	10	采石场	17	第6个采石场，生产石料			17	0	0	0	0	540	1000	1000	0	0
288	采石场6	10	采石场	18	第6个采石场，生产石料			18	0	0	0	0	240	1000	1000	0	0
289	采石场6	10	采石场	19	第6个采石场，生产石料			19	0	0	0	0	960	1000	1000	0	0
290	采石场6	10	采石场	20	第6个采石场，生产石料			20	0	0	0	0	660	1000	1000	0	0
291	采石场6	10	采石场	21	第6个采石场，生产石料			21	0	0	0	0	360	1000	1000	0	0
292	采石场6	10	采石场	22	第6个采石场，生产石料			22	0	0	0	0	420	1000	1000	0	0
293	采石场6	10	采石场	23	第6个采石场，生产石料			23	0	0	0	0	480	1000	1000	0	0
294	采石场6	10	采石场	24	第6个采石场，生产石料			24	0	0	0	0	540	1000	1000	0	0
295	采石场6	10	采石场	25	第6个采石场，生产石料			25	0	0	0	0	840	1000	1000	0	0
296	采石场6	10	采石场	26	第6个采石场，生产石料			26	0	0	0	0	1260	1000	1000	0	0
297	采石场6	10	采石场	27	第6个采石场，生产石料			27	0	0	0	0	1800	1000	1000	0	0
298	采石场6	10	采石场	28	第6个采石场，生产石料			28	0	0	0	0	1140	1000	1000	0	0
299	采石场6	10	采石场	29	第6个采石场，生产石料			29	0	0	0	0	1980	1000	1000	0	0
300	采石场6	10	采石场	30	第6个采石场，生产石料			30	0	0	0	0	1620	1000	1000	0	0
301	农田1	11	农田	1	第一个农田，生产粮食			1	0	0	0	0	0	1000	1000	0	0
302	农田1	11	农田	2	第一个农田，生产粮食			2	0	0	0	0	300	1000	1000	0	0
303	农田1	11	农田	3	第一个农田，生产粮食			3	0	0	0	0	900	1000	1000	0	0
304	农田1	11	农田	4	第一个农田，生产粮食			4	0	0	0	0	2700	1000	1000	0	0
305	农田1	11	农田	5	第一个农田，生产粮食			5	0	0	0	0	1860	1000	1000	0	0
306	农田1	11	农田	6	第一个农田，生产粮食			6	0	0	0	0	240	1000	1000	0	0
307	农田1	11	农田	7	第一个农田，生产粮食			7	0	0	0	0	360	1000	1000	0	0
308	农田1	11	农田	8	第一个农田，生产粮食			8	0	0	0	0	540	1000	1000	0	0
309	农田1	11	农田	9	第一个农田，生产粮食			9	0	0	0	0	720	1000	1000	0	0
310	农田1	11	农田	10	第一个农田，生产粮食			10	0	0	0	0	1020	1000	1000	0	0
311	农田1	11	农田	11	第一个农田，生产粮食			11	0	0	0	0	1320	1000	1000	0	0
312	农田1	11	农田	12	第一个农田，生产粮食			12	0	0	0	0	300	1000	1000	0	0
313	农田1	11	农田	13	第一个农田，生产粮食			13	0	0	0	0	660	1000	1000	0	0
314	农田1	11	农田	14	第一个农田，生产粮食			14	0	0	0	0	1260	1000	1000	0	0
315	农田1	11	农田	15	第一个农田，生产粮食			15	0	0	0	0	480	1000	1000	0	0
316	农田1	11	农田	16	第一个农田，生产粮食			16	0	0	0	0	1140	1000	1000	0	0
317	农田1	11	农田	17	第一个农田，生产粮食			17	0	0	0	0	540	1000	1000	0	0
318	农田1	11	农田	18	第一个农田，生产粮食			18	0	0	0	0	240	1000	1000	0	0
319	农田1	11	农田	19	第一个农田，生产粮食			19	0	0	0	0	960	1000	1000	0	0
320	农田1	11	农田	20	第一个农田，生产粮食			20	0	0	0	0	660	1000	1000	0	0
321	农田1	11	农田	21	第一个农田，生产粮食			21	0	0	0	0	360	1000	1000	0	0
322	农田1	11	农田	22	第一个农田，生产粮食			22	0	0	0	0	420	1000	1000	0	0
323	农田1	11	农田	23	第一个农田，生产粮食			23	0	0	0	0	480	1000	1000	0	0
324	农田1	11	农田	24	第一个农田，生产粮食			24	0	0	0	0	540	1000	1000	0	0
325	农田1	11	农田	25	第一个农田，生产粮食			25	0	0	0	0	840	1000	1000	0	0
326	农田1	11	农田	26	第一个农田，生产粮食			26	0	0	0	0	1260	1000	1000	0	0
327	农田1	11	农田	27	第一个农田，生产粮食			27	0	0	0	0	1800	1000	1000	0	0
328	农田1	11	农田	28	第一个农田，生产粮食			28	0	0	0	0	1140	1000	1000	0	0
329	农田1	11	农田	29	第一个农田，生产粮食			29	0	0	0	0	1980	1000	1000	0	0
330	农田1	11	农田	30	第一个农田，生产粮食			30	0	0	0	0	1620	1000	1000	0	0
331	农田2	12	农田	1	第2个农田，生产粮食			1	0	0	0	0	0	1000	1000	0	0
332	农田2	12	农田	2	第2个农田，生产粮食			2	0	0	0	0	300	1000	1000	0	0
333	农田2	12	农田	3	第2个农田，生产粮食			3	0	0	0	0	900	1000	1000	0	0
334	农田2	12	农田	4	第2个农田，生产粮食			4	0	0	0	0	2700	1000	1000	0	0
335	农田2	12	农田	5	第2个农田，生产粮食			5	0	0	0	0	1860	1000	1000	0	0
336	农田2	12	农田	6	第2个农田，生产粮食			6	0	0	0	0	240	1000	1000	0	0
337	农田2	12	农田	7	第2个农田，生产粮食			7	0	0	0	0	360	1000	1000	0	0
338	农田2	12	农田	8	第2个农田，生产粮食			8	0	0	0	0	540	1000	1000	0	0
339	农田2	12	农田	9	第2个农田，生产粮食			9	0	0	0	0	720	1000	1000	0	0
340	农田2	12	农田	10	第2个农田，生产粮食			10	0	0	0	0	1020	1000	1000	0	0
341	农田2	12	农田	11	第2个农田，生产粮食			11	0	0	0	0	1320	1000	1000	0	0
342	农田2	12	农田	12	第2个农田，生产粮食			12	0	0	0	0	300	1000	1000	0	0
343	农田2	12	农田	13	第2个农田，生产粮食			13	0	0	0	0	660	1000	1000	0	0
344	农田2	12	农田	14	第2个农田，生产粮食			14	0	0	0	0	1260	1000	1000	0	0
345	农田2	12	农田	15	第2个农田，生产粮食			15	0	0	0	0	480	1000	1000	0	0
346	农田2	12	农田	16	第2个农田，生产粮食			16	0	0	0	0	1140	1000	1000	0	0
347	农田2	12	农田	17	第2个农田，生产粮食			17	0	0	0	0	540	1000	1000	0	0
348	农田2	12	农田	18	第2个农田，生产粮食			18	0	0	0	0	240	1000	1000	0	0
349	农田2	12	农田	19	第2个农田，生产粮食			19	0	0	0	0	960	1000	1000	0	0
350	农田2	12	农田	20	第2个农田，生产粮食			20	0	0	0	0	660	1000	1000	0	0
351	农田2	12	农田	21	第2个农田，生产粮食			21	0	0	0	0	360	1000	1000	0	0
352	农田2	12	农田	22	第2个农田，生产粮食			22	0	0	0	0	420	1000	1000	0	0
353	农田2	12	农田	23	第2个农田，生产粮食			23	0	0	0	0	480	1000	1000	0	0
354	农田2	12	农田	24	第2个农田，生产粮食			24	0	0	0	0	540	1000	1000	0	0
355	农田2	12	农田	25	第2个农田，生产粮食			25	0	0	0	0	840	1000	1000	0	0
356	农田2	12	农田	26	第2个农田，生产粮食			26	0	0	0	0	1260	1000	1000	0	0
357	农田2	12	农田	27	第2个农田，生产粮食			27	0	0	0	0	1800	1000	1000	0	0
358	农田2	12	农田	28	第2个农田，生产粮食			28	0	0	0	0	1140	1000	1000	0	0
359	农田2	12	农田	29	第2个农田，生产粮食			29	0	0	0	0	1980	1000	1000	0	0
360	农田2	12	农田	30	第2个农田，生产粮食			30	0	0	0	0	1620	1000	1000	0	0
361	农田3	13	农田	1	第三个农田，生产粮食			1	0	0	0	0	0	1000	1000	0	0
362	农田3	13	农田	2	第三个农田，生产粮食			2	0	0	0	0	300	1000	1000	0	0
363	农田3	13	农田	3	第三个农田，生产粮食			3	0	0	0	0	900	1000	1000	0	0
364	农田3	13	农田	4	第三个农田，生产粮食			4	0	0	0	0	2700	1000	1000	0	0
365	农田3	13	农田	5	第三个农田，生产粮食			5	0	0	0	0	1860	1000	1000	0	0
366	农田3	13	农田	6	第三个农田，生产粮食			6	0	0	0	0	240	1000	1000	0	0
367	农田3	13	农田	7	第三个农田，生产粮食			7	0	0	0	0	360	1000	1000	0	0
368	农田3	13	农田	8	第三个农田，生产粮食			8	0	0	0	0	540	1000	1000	0	0
369	农田3	13	农田	9	第三个农田，生产粮食			9	0	0	0	0	720	1000	1000	0	0
370	农田3	13	农田	10	第三个农田，生产粮食			10	0	0	0	0	1020	1000	1000	0	0
371	农田3	13	农田	11	第三个农田，生产粮食			11	0	0	0	0	1320	1000	1000	0	0
372	农田3	13	农田	12	第三个农田，生产粮食			12	0	0	0	0	300	1000	1000	0	0
373	农田3	13	农田	13	第三个农田，生产粮食			13	0	0	0	0	660	1000	1000	0	0
374	农田3	13	农田	14	第三个农田，生产粮食			14	0	0	0	0	1260	1000	1000	0	0
375	农田3	13	农田	15	第三个农田，生产粮食			15	0	0	0	0	480	1000	1000	0	0
376	农田3	13	农田	16	第三个农田，生产粮食			16	0	0	0	0	1140	1000	1000	0	0
377	农田3	13	农田	17	第三个农田，生产粮食			17	0	0	0	0	540	1000	1000	0	0
378	农田3	13	农田	18	第三个农田，生产粮食			18	0	0	0	0	240	1000	1000	0	0
379	农田3	13	农田	19	第三个农田，生产粮食			19	0	0	0	0	960	1000	1000	0	0
380	农田3	13	农田	20	第三个农田，生产粮食			20	0	0	0	0	660	1000	1000	0	0
381	农田3	13	农田	21	第三个农田，生产粮食			21	0	0	0	0	360	1000	1000	0	0
382	农田3	13	农田	22	第三个农田，生产粮食			22	0	0	0	0	420	1000	1000	0	0
383	农田3	13	农田	23	第三个农田，生产粮食			23	0	0	0	0	480	1000	1000	0	0
384	农田3	13	农田	24	第三个农田，生产粮食			24	0	0	0	0	540	1000	1000	0	0
385	农田3	13	农田	25	第三个农田，生产粮食			25	0	0	0	0	840	1000	1000	0	0
386	农田3	13	农田	26	第三个农田，生产粮食			26	0	0	0	0	1260	1000	1000	0	0
387	农田3	13	农田	27	第三个农田，生产粮食			27	0	0	0	0	1800	1000	1000	0	0
388	农田3	13	农田	28	第三个农田，生产粮食			28	0	0	0	0	1140	1000	1000	0	0
389	农田3	13	农田	29	第三个农田，生产粮食			29	0	0	0	0	1980	1000	1000	0	0
390	农田3	13	农田	30	第三个农田，生产粮食			30	0	0	0	0	1620	1000	1000	0	0
391	农田4	14	农田	1	第4个农田，生产粮食			1	0	0	0	0	0	1000	1000	0	0
392	农田4	14	农田	2	第4个农田，生产粮食			2	0	0	0	0	300	1000	1000	0	0
393	农田4	14	农田	3	第4个农田，生产粮食			3	0	0	0	0	900	1000	1000	0	0
394	农田4	14	农田	4	第4个农田，生产粮食			4	0	0	0	0	2700	1000	1000	0	0
395	农田4	14	农田	5	第4个农田，生产粮食			5	0	0	0	0	1860	1000	1000	0	0
396	农田4	14	农田	6	第4个农田，生产粮食			6	0	0	0	0	240	1000	1000	0	0
397	农田4	14	农田	7	第4个农田，生产粮食			7	0	0	0	0	360	1000	1000	0	0
398	农田4	14	农田	8	第4个农田，生产粮食			8	0	0	0	0	540	1000	1000	0	0
399	农田4	14	农田	9	第4个农田，生产粮食			9	0	0	0	0	720	1000	1000	0	0
400	农田4	14	农田	10	第4个农田，生产粮食			10	0	0	0	0	1020	1000	1000	0	0
401	农田4	14	农田	11	第4个农田，生产粮食			11	0	0	0	0	1320	1000	1000	0	0
402	农田4	14	农田	12	第4个农田，生产粮食			12	0	0	0	0	300	1000	1000	0	0
403	农田4	14	农田	13	第4个农田，生产粮食			13	0	0	0	0	660	1000	1000	0	0
404	农田4	14	农田	14	第4个农田，生产粮食			14	0	0	0	0	1260	1000	1000	0	0
405	农田4	14	农田	15	第4个农田，生产粮食			15	0	0	0	0	480	1000	1000	0	0
406	农田4	14	农田	16	第4个农田，生产粮食			16	0	0	0	0	1140	1000	1000	0	0
407	农田4	14	农田	17	第4个农田，生产粮食			17	0	0	0	0	540	1000	1000	0	0
408	农田4	14	农田	18	第4个农田，生产粮食			18	0	0	0	0	240	1000	1000	0	0
409	农田4	14	农田	19	第4个农田，生产粮食			19	0	0	0	0	960	1000	1000	0	0
410	农田4	14	农田	20	第4个农田，生产粮食			20	0	0	0	0	660	1000	1000	0	0
411	农田4	14	农田	21	第4个农田，生产粮食			21	0	0	0	0	360	1000	1000	0	0
412	农田4	14	农田	22	第4个农田，生产粮食			22	0	0	0	0	420	1000	1000	0	0
413	农田4	14	农田	23	第4个农田，生产粮食			23	0	0	0	0	480	1000	1000	0	0
414	农田4	14	农田	24	第4个农田，生产粮食			24	0	0	0	0	540	1000	1000	0	0
415	农田4	14	农田	25	第4个农田，生产粮食			25	0	0	0	0	840	1000	1000	0	0
416	农田4	14	农田	26	第4个农田，生产粮食			26	0	0	0	0	1260	1000	1000	0	0
417	农田4	14	农田	27	第4个农田，生产粮食			27	0	0	0	0	1800	1000	1000	0	0
418	农田4	14	农田	28	第4个农田，生产粮食			28	0	0	0	0	1140	1000	1000	0	0
419	农田4	14	农田	29	第4个农田，生产粮食			29	0	0	0	0	1980	1000	1000	0	0
420	农田4	14	农田	30	第4个农田，生产粮食			30	0	0	0	0	1620	1000	1000	0	0
421	农田5	15	农田	1	第五个农田，生产粮食			1	0	0	0	0	0	1000	1000	0	0
422	农田5	15	农田	2	第五个农田，生产粮食			2	0	0	0	0	300	1000	1000	0	0
423	农田5	15	农田	3	第五个农田，生产粮食			3	0	0	0	0	900	1000	1000	0	0
424	农田5	15	农田	4	第五个农田，生产粮食			4	0	0	0	0	2700	1000	1000	0	0
425	农田5	15	农田	5	第五个农田，生产粮食			5	0	0	0	0	1860	1000	1000	0	0
426	农田5	15	农田	6	第五个农田，生产粮食			6	0	0	0	0	240	1000	1000	0	0
427	农田5	15	农田	7	第五个农田，生产粮食			7	0	0	0	0	360	1000	1000	0	0
428	农田5	15	农田	8	第五个农田，生产粮食			8	0	0	0	0	540	1000	1000	0	0
429	农田5	15	农田	9	第五个农田，生产粮食			9	0	0	0	0	720	1000	1000	0	0
430	农田5	15	农田	10	第五个农田，生产粮食			10	0	0	0	0	1020	1000	1000	0	0
431	农田5	15	农田	11	第五个农田，生产粮食			11	0	0	0	0	1320	1000	1000	0	0
432	农田5	15	农田	12	第五个农田，生产粮食			12	0	0	0	0	300	1000	1000	0	0
433	农田5	15	农田	13	第五个农田，生产粮食			13	0	0	0	0	660	1000	1000	0	0
434	农田5	15	农田	14	第五个农田，生产粮食			14	0	0	0	0	1260	1000	1000	0	0
435	农田5	15	农田	15	第五个农田，生产粮食			15	0	0	0	0	480	1000	1000	0	0
436	农田5	15	农田	16	第五个农田，生产粮食			16	0	0	0	0	1140	1000	1000	0	0
437	农田5	15	农田	17	第五个农田，生产粮食			17	0	0	0	0	540	1000	1000	0	0
438	农田5	15	农田	18	第五个农田，生产粮食			18	0	0	0	0	240	1000	1000	0	0
439	农田5	15	农田	19	第五个农田，生产粮食			19	0	0	0	0	960	1000	1000	0	0
440	农田5	15	农田	20	第五个农田，生产粮食			20	0	0	0	0	660	1000	1000	0	0
441	农田5	15	农田	21	第五个农田，生产粮食			21	0	0	0	0	360	1000	1000	0	0
442	农田5	15	农田	22	第五个农田，生产粮食			22	0	0	0	0	420	1000	1000	0	0
443	农田5	15	农田	23	第五个农田，生产粮食			23	0	0	0	0	480	1000	1000	0	0
444	农田5	15	农田	24	第五个农田，生产粮食			24	0	0	0	0	540	1000	1000	0	0
445	农田5	15	农田	25	第五个农田，生产粮食			25	0	0	0	0	840	1000	1000	0	0
446	农田5	15	农田	26	第五个农田，生产粮食			26	0	0	0	0	1260	1000	1000	0	0
447	农田5	15	农田	27	第五个农田，生产粮食			27	0	0	0	0	1800	1000	1000	0	0
448	农田5	15	农田	28	第五个农田，生产粮食			28	0	0	0	0	1140	1000	1000	0	0
449	农田5	15	农田	29	第五个农田，生产粮食			29	0	0	0	0	1980	1000	1000	0	0
450	农田5	15	农田	30	第五个农田，生产粮食			30	0	0	0	0	1620	1000	1000	0	0
451	农田6	16	农田	1	第6个农田，生产粮食			1	0	0	0	0	0	1000	1000	0	0
452	农田6	16	农田	2	第6个农田，生产粮食			2	0	0	0	0	300	1000	1000	0	0
453	农田6	16	农田	3	第6个农田，生产粮食			3	0	0	0	0	900	1000	1000	0	0
454	农田6	16	农田	4	第6个农田，生产粮食			4	0	0	0	0	2700	1000	1000	0	0
455	农田6	16	农田	5	第6个农田，生产粮食			5	0	0	0	0	1860	1000	1000	0	0
456	农田6	16	农田	6	第6个农田，生产粮食			6	0	0	0	0	240	1000	1000	0	0
457	农田6	16	农田	7	第6个农田，生产粮食			7	0	0	0	0	360	1000	1000	0	0
458	农田6	16	农田	8	第6个农田，生产粮食			8	0	0	0	0	540	1000	1000	0	0
459	农田6	16	农田	9	第6个农田，生产粮食			9	0	0	0	0	720	1000	1000	0	0
460	农田6	16	农田	10	第6个农田，生产粮食			10	0	0	0	0	1020	1000	1000	0	0
461	农田6	16	农田	11	第6个农田，生产粮食			11	0	0	0	0	1320	1000	1000	0	0
462	农田6	16	农田	12	第6个农田，生产粮食			12	0	0	0	0	300	1000	1000	0	0
463	农田6	16	农田	13	第6个农田，生产粮食			13	0	0	0	0	660	1000	1000	0	0
464	农田6	16	农田	14	第6个农田，生产粮食			14	0	0	0	0	1260	1000	1000	0	0
465	农田6	16	农田	15	第6个农田，生产粮食			15	0	0	0	0	480	1000	1000	0	0
466	农田6	16	农田	16	第6个农田，生产粮食			16	0	0	0	0	1140	1000	1000	0	0
467	农田6	16	农田	17	第6个农田，生产粮食			17	0	0	0	0	540	1000	1000	0	0
468	农田6	16	农田	18	第6个农田，生产粮食			18	0	0	0	0	240	1000	1000	0	0
469	农田6	16	农田	19	第6个农田，生产粮食			19	0	0	0	0	960	1000	1000	0	0
470	农田6	16	农田	20	第6个农田，生产粮食			20	0	0	0	0	660	1000	1000	0	0
471	农田6	16	农田	21	第6个农田，生产粮食			21	0	0	0	0	360	1000	1000	0	0
472	农田6	16	农田	22	第6个农田，生产粮食			22	0	0	0	0	420	1000	1000	0	0
473	农田6	16	农田	23	第6个农田，生产粮食			23	0	0	0	0	480	1000	1000	0	0
474	农田6	16	农田	24	第6个农田，生产粮食			24	0	0	0	0	540	1000	1000	0	0
475	农田6	16	农田	25	第6个农田，生产粮食			25	0	0	0	0	840	1000	1000	0	0
476	农田6	16	农田	26	第6个农田，生产粮食			26	0	0	0	0	1260	1000	1000	0	0
477	农田6	16	农田	27	第6个农田，生产粮食			27	0	0	0	0	1800	1000	1000	0	0
478	农田6	16	农田	28	第6个农田，生产粮食			28	0	0	0	0	1140	1000	1000	0	0
479	农田6	16	农田	29	第6个农田，生产粮食			29	0	0	0	0	1980	1000	1000	0	0
480	农田6	16	农田	30	第6个农田，生产粮食			30	0	0	0	0	1620	1000	1000	0	0
481	铁矿1	17	铁矿	1	第一个铁矿，生产铁矿			1	0	0	0	0	0	1000	1000	0	0
482	铁矿1	17	铁矿	2	第一个铁矿，生产铁矿			2	0	0	0	0	300	1000	1000	0	0
483	铁矿1	17	铁矿	3	第一个铁矿，生产铁矿			3	0	0	0	0	900	1000	1000	0	0
484	铁矿1	17	铁矿	4	第一个铁矿，生产铁矿			4	0	0	0	0	2700	1000	1000	0	0
485	铁矿1	17	铁矿	5	第一个铁矿，生产铁矿			5	0	0	0	0	1860	1000	1000	0	0
486	铁矿1	17	铁矿	6	第一个铁矿，生产铁矿			6	0	0	0	0	240	1000	1000	0	0
487	铁矿1	17	铁矿	7	第一个铁矿，生产铁矿			7	0	0	0	0	360	1000	1000	0	0
488	铁矿1	17	铁矿	8	第一个铁矿，生产铁矿			8	0	0	0	0	540	1000	1000	0	0
489	铁矿1	17	铁矿	9	第一个铁矿，生产铁矿			9	0	0	0	0	720	1000	1000	0	0
490	铁矿1	17	铁矿	10	第一个铁矿，生产铁矿			10	0	0	0	0	1020	1000	1000	0	0
491	铁矿1	17	铁矿	11	第一个铁矿，生产铁矿			11	0	0	0	0	1320	1000	1000	0	0
492	铁矿1	17	铁矿	12	第一个铁矿，生产铁矿			12	0	0	0	0	300	1000	1000	0	0
493	铁矿1	17	铁矿	13	第一个铁矿，生产铁矿			13	0	0	0	0	660	1000	1000	0	0
494	铁矿1	17	铁矿	14	第一个铁矿，生产铁矿			14	0	0	0	0	1260	1000	1000	0	0
495	铁矿1	17	铁矿	15	第一个铁矿，生产铁矿			15	0	0	0	0	480	1000	1000	0	0
496	铁矿1	17	铁矿	16	第一个铁矿，生产铁矿			16	0	0	0	0	1140	1000	1000	0	0
497	铁矿1	17	铁矿	17	第一个铁矿，生产铁矿			17	0	0	0	0	540	1000	1000	0	0
498	铁矿1	17	铁矿	18	第一个铁矿，生产铁矿			18	0	0	0	0	240	1000	1000	0	0
499	铁矿1	17	铁矿	19	第一个铁矿，生产铁矿			19	0	0	0	0	960	1000	1000	0	0
500	铁矿1	17	铁矿	20	第一个铁矿，生产铁矿			20	0	0	0	0	660	1000	1000	0	0
501	铁矿1	17	铁矿	21	第一个铁矿，生产铁矿			21	0	0	0	0	360	1000	1000	0	0
502	铁矿1	17	铁矿	22	第一个铁矿，生产铁矿			22	0	0	0	0	420	1000	1000	0	0
503	铁矿1	17	铁矿	23	第一个铁矿，生产铁矿			23	0	0	0	0	480	1000	1000	0	0
504	铁矿1	17	铁矿	24	第一个铁矿，生产铁矿			24	0	0	0	0	540	1000	1000	0	0
505	铁矿1	17	铁矿	25	第一个铁矿，生产铁矿			25	0	0	0	0	840	1000	1000	0	0
506	铁矿1	17	铁矿	26	第一个铁矿，生产铁矿			26	0	0	0	0	1260	1000	1000	0	0
507	铁矿1	17	铁矿	27	第一个铁矿，生产铁矿			27	0	0	0	0	1800	1000	1000	0	0
508	铁矿1	17	铁矿	28	第一个铁矿，生产铁矿			28	0	0	0	0	1140	1000	1000	0	0
509	铁矿1	17	铁矿	29	第一个铁矿，生产铁矿			29	0	0	0	0	1980	1000	1000	0	0
510	铁矿1	17	铁矿	30	第一个铁矿，生产铁矿			30	0	0	0	0	1620	1000	1000	0	0
511	铁矿2	18	铁矿	1	第2个铁矿，生产铁矿			1	0	0	0	0	0	1000	1000	0	0
512	铁矿2	18	铁矿	2	第2个铁矿，生产铁矿			2	0	0	0	0	300	1000	1000	0	0
513	铁矿2	18	铁矿	3	第2个铁矿，生产铁矿			3	0	0	0	0	900	1000	1000	0	0
514	铁矿2	18	铁矿	4	第2个铁矿，生产铁矿			4	0	0	0	0	2700	1000	1000	0	0
515	铁矿2	18	铁矿	5	第2个铁矿，生产铁矿			5	0	0	0	0	1860	1000	1000	0	0
516	铁矿2	18	铁矿	6	第2个铁矿，生产铁矿			6	0	0	0	0	240	1000	1000	0	0
517	铁矿2	18	铁矿	7	第2个铁矿，生产铁矿			7	0	0	0	0	360	1000	1000	0	0
518	铁矿2	18	铁矿	8	第2个铁矿，生产铁矿			8	0	0	0	0	540	1000	1000	0	0
519	铁矿2	18	铁矿	9	第2个铁矿，生产铁矿			9	0	0	0	0	720	1000	1000	0	0
520	铁矿2	18	铁矿	10	第2个铁矿，生产铁矿			10	0	0	0	0	1020	1000	1000	0	0
521	铁矿2	18	铁矿	11	第2个铁矿，生产铁矿			11	0	0	0	0	1320	1000	1000	0	0
522	铁矿2	18	铁矿	12	第2个铁矿，生产铁矿			12	0	0	0	0	300	1000	1000	0	0
523	铁矿2	18	铁矿	13	第2个铁矿，生产铁矿			13	0	0	0	0	660	1000	1000	0	0
524	铁矿2	18	铁矿	14	第2个铁矿，生产铁矿			14	0	0	0	0	1260	1000	1000	0	0
525	铁矿2	18	铁矿	15	第2个铁矿，生产铁矿			15	0	0	0	0	480	1000	1000	0	0
526	铁矿2	18	铁矿	16	第2个铁矿，生产铁矿			16	0	0	0	0	1140	1000	1000	0	0
527	铁矿2	18	铁矿	17	第2个铁矿，生产铁矿			17	0	0	0	0	540	1000	1000	0	0
528	铁矿2	18	铁矿	18	第2个铁矿，生产铁矿			18	0	0	0	0	240	1000	1000	0	0
529	铁矿2	18	铁矿	19	第2个铁矿，生产铁矿			19	0	0	0	0	960	1000	1000	0	0
530	铁矿2	18	铁矿	20	第2个铁矿，生产铁矿			20	0	0	0	0	660	1000	1000	0	0
531	铁矿2	18	铁矿	21	第2个铁矿，生产铁矿			21	0	0	0	0	360	1000	1000	0	0
532	铁矿2	18	铁矿	22	第2个铁矿，生产铁矿			22	0	0	0	0	420	1000	1000	0	0
533	铁矿2	18	铁矿	23	第2个铁矿，生产铁矿			23	0	0	0	0	480	1000	1000	0	0
534	铁矿2	18	铁矿	24	第2个铁矿，生产铁矿			24	0	0	0	0	540	1000	1000	0	0
535	铁矿2	18	铁矿	25	第2个铁矿，生产铁矿			25	0	0	0	0	840	1000	1000	0	0
536	铁矿2	18	铁矿	26	第2个铁矿，生产铁矿			26	0	0	0	0	1260	1000	1000	0	0
537	铁矿2	18	铁矿	27	第2个铁矿，生产铁矿			27	0	0	0	0	1800	1000	1000	0	0
538	铁矿2	18	铁矿	28	第2个铁矿，生产铁矿			28	0	0	0	0	1140	1000	1000	0	0
539	铁矿2	18	铁矿	29	第2个铁矿，生产铁矿			29	0	0	0	0	1980	1000	1000	0	0
540	铁矿2	18	铁矿	30	第2个铁矿，生产铁矿			30	0	0	0	0	1620	1000	1000	0	0
541	铁矿3	19	铁矿	1	第三个铁矿，生产铁矿			1	0	0	0	0	0	1000	1000	0	0
542	铁矿3	19	铁矿	2	第三个铁矿，生产铁矿			2	0	0	0	0	300	1000	1000	0	0
543	铁矿3	19	铁矿	3	第三个铁矿，生产铁矿			3	0	0	0	0	900	1000	1000	0	0
544	铁矿3	19	铁矿	4	第三个铁矿，生产铁矿			4	0	0	0	0	2700	1000	1000	0	0
545	铁矿3	19	铁矿	5	第三个铁矿，生产铁矿			5	0	0	0	0	1860	1000	1000	0	0
546	铁矿3	19	铁矿	6	第三个铁矿，生产铁矿			6	0	0	0	0	240	1000	1000	0	0
547	铁矿3	19	铁矿	7	第三个铁矿，生产铁矿			7	0	0	0	0	360	1000	1000	0	0
548	铁矿3	19	铁矿	8	第三个铁矿，生产铁矿			8	0	0	0	0	540	1000	1000	0	0
549	铁矿3	19	铁矿	9	第三个铁矿，生产铁矿			9	0	0	0	0	720	1000	1000	0	0
550	铁矿3	19	铁矿	10	第三个铁矿，生产铁矿			10	0	0	0	0	1020	1000	1000	0	0
551	铁矿3	19	铁矿	11	第三个铁矿，生产铁矿			11	0	0	0	0	1320	1000	1000	0	0
552	铁矿3	19	铁矿	12	第三个铁矿，生产铁矿			12	0	0	0	0	300	1000	1000	0	0
553	铁矿3	19	铁矿	13	第三个铁矿，生产铁矿			13	0	0	0	0	660	1000	1000	0	0
554	铁矿3	19	铁矿	14	第三个铁矿，生产铁矿			14	0	0	0	0	1260	1000	1000	0	0
555	铁矿3	19	铁矿	15	第三个铁矿，生产铁矿			15	0	0	0	0	480	1000	1000	0	0
556	铁矿3	19	铁矿	16	第三个铁矿，生产铁矿			16	0	0	0	0	1140	1000	1000	0	0
557	铁矿3	19	铁矿	17	第三个铁矿，生产铁矿			17	0	0	0	0	540	1000	1000	0	0
558	铁矿3	19	铁矿	18	第三个铁矿，生产铁矿			18	0	0	0	0	240	1000	1000	0	0
559	铁矿3	19	铁矿	19	第三个铁矿，生产铁矿			19	0	0	0	0	960	1000	1000	0	0
560	铁矿3	19	铁矿	20	第三个铁矿，生产铁矿			20	0	0	0	0	660	1000	1000	0	0
561	铁矿3	19	铁矿	21	第三个铁矿，生产铁矿			21	0	0	0	0	360	1000	1000	0	0
562	铁矿3	19	铁矿	22	第三个铁矿，生产铁矿			22	0	0	0	0	420	1000	1000	0	0
563	铁矿3	19	铁矿	23	第三个铁矿，生产铁矿			23	0	0	0	0	480	1000	1000	0	0
564	铁矿3	19	铁矿	24	第三个铁矿，生产铁矿			24	0	0	0	0	540	1000	1000	0	0
565	铁矿3	19	铁矿	25	第三个铁矿，生产铁矿			25	0	0	0	0	840	1000	1000	0	0
566	铁矿3	19	铁矿	26	第三个铁矿，生产铁矿			26	0	0	0	0	1260	1000	1000	0	0
567	铁矿3	19	铁矿	27	第三个铁矿，生产铁矿			27	0	0	0	0	1800	1000	1000	0	0
568	铁矿3	19	铁矿	28	第三个铁矿，生产铁矿			28	0	0	0	0	1140	1000	1000	0	0
569	铁矿3	19	铁矿	29	第三个铁矿，生产铁矿			29	0	0	0	0	1980	1000	1000	0	0
570	铁矿3	19	铁矿	30	第三个铁矿，生产铁矿			30	0	0	0	0	1620	1000	1000	0	0
571	铁矿4	20	铁矿	1	第4个铁矿，生产铁矿			1	0	0	0	0	0	1000	1000	0	0
572	铁矿4	20	铁矿	2	第4个铁矿，生产铁矿			2	0	0	0	0	300	1000	1000	0	0
573	铁矿4	20	铁矿	3	第4个铁矿，生产铁矿			3	0	0	0	0	900	1000	1000	0	0
574	铁矿4	20	铁矿	4	第4个铁矿，生产铁矿			4	0	0	0	0	2700	1000	1000	0	0
575	铁矿4	20	铁矿	5	第4个铁矿，生产铁矿			5	0	0	0	0	1860	1000	1000	0	0
576	铁矿4	20	铁矿	6	第4个铁矿，生产铁矿			6	0	0	0	0	240	1000	1000	0	0
577	铁矿4	20	铁矿	7	第4个铁矿，生产铁矿			7	0	0	0	0	360	1000	1000	0	0
578	铁矿4	20	铁矿	8	第4个铁矿，生产铁矿			8	0	0	0	0	540	1000	1000	0	0
579	铁矿4	20	铁矿	9	第4个铁矿，生产铁矿			9	0	0	0	0	720	1000	1000	0	0
580	铁矿4	20	铁矿	10	第4个铁矿，生产铁矿			10	0	0	0	0	1020	1000	1000	0	0
581	铁矿4	20	铁矿	11	第4个铁矿，生产铁矿			11	0	0	0	0	1320	1000	1000	0	0
582	铁矿4	20	铁矿	12	第4个铁矿，生产铁矿			12	0	0	0	0	300	1000	1000	0	0
583	铁矿4	20	铁矿	13	第4个铁矿，生产铁矿			13	0	0	0	0	660	1000	1000	0	0
584	铁矿4	20	铁矿	14	第4个铁矿，生产铁矿			14	0	0	0	0	1260	1000	1000	0	0
585	铁矿4	20	铁矿	15	第4个铁矿，生产铁矿			15	0	0	0	0	480	1000	1000	0	0
586	铁矿4	20	铁矿	16	第4个铁矿，生产铁矿			16	0	0	0	0	1140	1000	1000	0	0
587	铁矿4	20	铁矿	17	第4个铁矿，生产铁矿			17	0	0	0	0	540	1000	1000	0	0
588	铁矿4	20	铁矿	18	第4个铁矿，生产铁矿			18	0	0	0	0	240	1000	1000	0	0
589	铁矿4	20	铁矿	19	第4个铁矿，生产铁矿			19	0	0	0	0	960	1000	1000	0	0
590	铁矿4	20	铁矿	20	第4个铁矿，生产铁矿			20	0	0	0	0	660	1000	1000	0	0
591	铁矿4	20	铁矿	21	第4个铁矿，生产铁矿			21	0	0	0	0	360	1000	1000	0	0
592	铁矿4	20	铁矿	22	第4个铁矿，生产铁矿			22	0	0	0	0	420	1000	1000	0	0
593	铁矿4	20	铁矿	23	第4个铁矿，生产铁矿			23	0	0	0	0	480	1000	1000	0	0
594	铁矿4	20	铁矿	24	第4个铁矿，生产铁矿			24	0	0	0	0	540	1000	1000	0	0
595	铁矿4	20	铁矿	25	第4个铁矿，生产铁矿			25	0	0	0	0	840	1000	1000	0	0
596	铁矿4	20	铁矿	26	第4个铁矿，生产铁矿			26	0	0	0	0	1260	1000	1000	0	0
597	铁矿4	20	铁矿	27	第4个铁矿，生产铁矿			27	0	0	0	0	1800	1000	1000	0	0
598	铁矿4	20	铁矿	28	第4个铁矿，生产铁矿			28	0	0	0	0	1140	1000	1000	0	0
599	铁矿4	20	铁矿	29	第4个铁矿，生产铁矿			29	0	0	0	0	1980	1000	1000	0	0
600	铁矿4	20	铁矿	30	第4个铁矿，生产铁矿			30	0	0	0	0	1620	1000	1000	0	0
601	铁矿5	21	铁矿	1	第五个铁矿，生产铁矿			1	0	0	0	0	0	1000	1000	0	0
602	铁矿5	21	铁矿	2	第五个铁矿，生产铁矿			2	0	0	0	0	300	1000	1000	0	0
603	铁矿5	21	铁矿	3	第五个铁矿，生产铁矿			3	0	0	0	0	900	1000	1000	0	0
604	铁矿5	21	铁矿	4	第五个铁矿，生产铁矿			4	0	0	0	0	2700	1000	1000	0	0
605	铁矿5	21	铁矿	5	第五个铁矿，生产铁矿			5	0	0	0	0	1860	1000	1000	0	0
606	铁矿5	21	铁矿	6	第五个铁矿，生产铁矿			6	0	0	0	0	240	1000	1000	0	0
607	铁矿5	21	铁矿	7	第五个铁矿，生产铁矿			7	0	0	0	0	360	1000	1000	0	0
608	铁矿5	21	铁矿	8	第五个铁矿，生产铁矿			8	0	0	0	0	540	1000	1000	0	0
609	铁矿5	21	铁矿	9	第五个铁矿，生产铁矿			9	0	0	0	0	720	1000	1000	0	0
610	铁矿5	21	铁矿	10	第五个铁矿，生产铁矿			10	0	0	0	0	1020	1000	1000	0	0
611	铁矿5	21	铁矿	11	第五个铁矿，生产铁矿			11	0	0	0	0	1320	1000	1000	0	0
612	铁矿5	21	铁矿	12	第五个铁矿，生产铁矿			12	0	0	0	0	300	1000	1000	0	0
613	铁矿5	21	铁矿	13	第五个铁矿，生产铁矿			13	0	0	0	0	660	1000	1000	0	0
614	铁矿5	21	铁矿	14	第五个铁矿，生产铁矿			14	0	0	0	0	1260	1000	1000	0	0
615	铁矿5	21	铁矿	15	第五个铁矿，生产铁矿			15	0	0	0	0	480	1000	1000	0	0
616	铁矿5	21	铁矿	16	第五个铁矿，生产铁矿			16	0	0	0	0	1140	1000	1000	0	0
617	铁矿5	21	铁矿	17	第五个铁矿，生产铁矿			17	0	0	0	0	540	1000	1000	0	0
618	铁矿5	21	铁矿	18	第五个铁矿，生产铁矿			18	0	0	0	0	240	1000	1000	0	0
619	铁矿5	21	铁矿	19	第五个铁矿，生产铁矿			19	0	0	0	0	960	1000	1000	0	0
620	铁矿5	21	铁矿	20	第五个铁矿，生产铁矿			20	0	0	0	0	660	1000	1000	0	0
621	铁矿5	21	铁矿	21	第五个铁矿，生产铁矿			21	0	0	0	0	360	1000	1000	0	0
622	铁矿5	21	铁矿	22	第五个铁矿，生产铁矿			22	0	0	0	0	420	1000	1000	0	0
623	铁矿5	21	铁矿	23	第五个铁矿，生产铁矿			23	0	0	0	0	480	1000	1000	0	0
624	铁矿5	21	铁矿	24	第五个铁矿，生产铁矿			24	0	0	0	0	540	1000	1000	0	0
625	铁矿5	21	铁矿	25	第五个铁矿，生产铁矿			25	0	0	0	0	840	1000	1000	0	0
626	铁矿5	21	铁矿	26	第五个铁矿，生产铁矿			26	0	0	0	0	1260	1000	1000	0	0
627	铁矿5	21	铁矿	27	第五个铁矿，生产铁矿			27	0	0	0	0	1800	1000	1000	0	0
628	铁矿5	21	铁矿	28	第五个铁矿，生产铁矿			28	0	0	0	0	1140	1000	1000	0	0
629	铁矿5	21	铁矿	29	第五个铁矿，生产铁矿			29	0	0	0	0	1980	1000	1000	0	0
630	铁矿5	21	铁矿	30	第五个铁矿，生产铁矿			30	0	0	0	0	1620	1000	1000	0	0
631	铁矿6	22	铁矿	1	第6个铁矿，生产铁矿			1	0	0	0	0	0	1000	1000	0	0
632	铁矿6	22	铁矿	2	第6个铁矿，生产铁矿			2	0	0	0	0	300	1000	1000	0	0
633	铁矿6	22	铁矿	3	第6个铁矿，生产铁矿			3	0	0	0	0	900	1000	1000	0	0
634	铁矿6	22	铁矿	4	第6个铁矿，生产铁矿			4	0	0	0	0	2700	1000	1000	0	0
635	铁矿6	22	铁矿	5	第6个铁矿，生产铁矿			5	0	0	0	0	1860	1000	1000	0	0
636	铁矿6	22	铁矿	6	第6个铁矿，生产铁矿			6	0	0	0	0	240	1000	1000	0	0
637	铁矿6	22	铁矿	7	第6个铁矿，生产铁矿			7	0	0	0	0	360	1000	1000	0	0
638	铁矿6	22	铁矿	8	第6个铁矿，生产铁矿			8	0	0	0	0	540	1000	1000	0	0
639	铁矿6	22	铁矿	9	第6个铁矿，生产铁矿			9	0	0	0	0	720	1000	1000	0	0
640	铁矿6	22	铁矿	10	第6个铁矿，生产铁矿			10	0	0	0	0	1020	1000	1000	0	0
641	铁矿6	22	铁矿	11	第6个铁矿，生产铁矿			11	0	0	0	0	1320	1000	1000	0	0
642	铁矿6	22	铁矿	12	第6个铁矿，生产铁矿			12	0	0	0	0	300	1000	1000	0	0
643	铁矿6	22	铁矿	13	第6个铁矿，生产铁矿			13	0	0	0	0	660	1000	1000	0	0
644	铁矿6	22	铁矿	14	第6个铁矿，生产铁矿			14	0	0	0	0	1260	1000	1000	0	0
645	铁矿6	22	铁矿	15	第6个铁矿，生产铁矿			15	0	0	0	0	480	1000	1000	0	0
646	铁矿6	22	铁矿	16	第6个铁矿，生产铁矿			16	0	0	0	0	1140	1000	1000	0	0
647	铁矿6	22	铁矿	17	第6个铁矿，生产铁矿			17	0	0	0	0	540	1000	1000	0	0
648	铁矿6	22	铁矿	18	第6个铁矿，生产铁矿			18	0	0	0	0	240	1000	1000	0	0
649	铁矿6	22	铁矿	19	第6个铁矿，生产铁矿			19	0	0	0	0	960	1000	1000	0	0
650	铁矿6	22	铁矿	20	第6个铁矿，生产铁矿			20	0	0	0	0	660	1000	1000	0	0
651	铁矿6	22	铁矿	21	第6个铁矿，生产铁矿			21	0	0	0	0	360	1000	1000	0	0
652	铁矿6	22	铁矿	22	第6个铁矿，生产铁矿			22	0	0	0	0	420	1000	1000	0	0
653	铁矿6	22	铁矿	23	第6个铁矿，生产铁矿			23	0	0	0	0	480	1000	1000	0	0
654	铁矿6	22	铁矿	24	第6个铁矿，生产铁矿			24	0	0	0	0	540	1000	1000	0	0
655	铁矿6	22	铁矿	25	第6个铁矿，生产铁矿			25	0	0	0	0	840	1000	1000	0	0
656	铁矿6	22	铁矿	26	第6个铁矿，生产铁矿			26	0	0	0	0	1260	1000	1000	0	0
657	铁矿6	22	铁矿	27	第6个铁矿，生产铁矿			27	0	0	0	0	1800	1000	1000	0	0
658	铁矿6	22	铁矿	28	第6个铁矿，生产铁矿			28	0	0	0	0	1140	1000	1000	0	0
659	铁矿6	22	铁矿	29	第6个铁矿，生产铁矿			29	0	0	0	0	1980	1000	1000	0	0
660	铁矿6	22	铁矿	30	第6个铁矿，生产铁矿			30	0	0	0	0	1620	1000	1000	0	0
661	民居1	23	民居	1	第一个民居，生产金币			1	0	0	0	0	0	1000	1000	0	0
662	民居1	23	民居	2	第一个民居，生产金币			2	0	0	0	0	300	1000	1000	0	0
663	民居1	23	民居	3	第一个民居，生产金币			3	0	0	0	0	900	1000	1000	0	0
664	民居1	23	民居	4	第一个民居，生产金币			4	0	0	0	0	2700	1000	1000	0	0
665	民居1	23	民居	5	第一个民居，生产金币			5	0	0	0	0	1860	1000	1000	0	0
666	民居1	23	民居	6	第一个民居，生产金币			6	0	0	0	0	240	1000	1000	0	0
667	民居1	23	民居	7	第一个民居，生产金币			7	0	0	0	0	360	1000	1000	0	0
668	民居1	23	民居	8	第一个民居，生产金币			8	0	0	0	0	540	1000	1000	0	0
669	民居1	23	民居	9	第一个民居，生产金币			9	0	0	0	0	720	1000	1000	0	0
670	民居1	23	民居	10	第一个民居，生产金币			10	0	0	0	0	1020	1000	1000	0	0
671	民居1	23	民居	11	第一个民居，生产金币			11	0	0	0	0	1320	1000	1000	0	0
672	民居1	23	民居	12	第一个民居，生产金币			12	0	0	0	0	300	1000	1000	0	0
673	民居1	23	民居	13	第一个民居，生产金币			13	0	0	0	0	660	1000	1000	0	0
674	民居1	23	民居	14	第一个民居，生产金币			14	0	0	0	0	1260	1000	1000	0	0
675	民居1	23	民居	15	第一个民居，生产金币			15	0	0	0	0	480	1000	1000	0	0
676	民居1	23	民居	16	第一个民居，生产金币			16	0	0	0	0	1140	1000	1000	0	0
677	民居1	23	民居	17	第一个民居，生产金币			17	0	0	0	0	540	1000	1000	0	0
678	民居1	23	民居	18	第一个民居，生产金币			18	0	0	0	0	240	1000	1000	0	0
679	民居1	23	民居	19	第一个民居，生产金币			19	0	0	0	0	960	1000	1000	0	0
680	民居1	23	民居	20	第一个民居，生产金币			20	0	0	0	0	660	1000	1000	0	0
681	民居1	23	民居	21	第一个民居，生产金币			21	0	0	0	0	360	1000	1000	0	0
682	民居1	23	民居	22	第一个民居，生产金币			22	0	0	0	0	420	1000	1000	0	0
683	民居1	23	民居	23	第一个民居，生产金币			23	0	0	0	0	480	1000	1000	0	0
684	民居1	23	民居	24	第一个民居，生产金币			24	0	0	0	0	540	1000	1000	0	0
685	民居1	23	民居	25	第一个民居，生产金币			25	0	0	0	0	840	1000	1000	0	0
686	民居1	23	民居	26	第一个民居，生产金币			26	0	0	0	0	1260	1000	1000	0	0
687	民居1	23	民居	27	第一个民居，生产金币			27	0	0	0	0	1800	1000	1000	0	0
688	民居1	23	民居	28	第一个民居，生产金币			28	0	0	0	0	1140	1000	1000	0	0
689	民居1	23	民居	29	第一个民居，生产金币			29	0	0	0	0	1980	1000	1000	0	0
690	民居1	23	民居	30	第一个民居，生产金币			30	0	0	0	0	1620	1000	1000	0	0
691	民居2	24	民居	1	第2个民居，生产金币			1	0	0	0	0	0	1000	1000	0	0
692	民居2	24	民居	2	第2个民居，生产金币			2	0	0	0	0	300	1000	1000	0	0
693	民居2	24	民居	3	第2个民居，生产金币			3	0	0	0	0	900	1000	1000	0	0
694	民居2	24	民居	4	第2个民居，生产金币			4	0	0	0	0	2700	1000	1000	0	0
695	民居2	24	民居	5	第2个民居，生产金币			5	0	0	0	0	1860	1000	1000	0	0
696	民居2	24	民居	6	第2个民居，生产金币			6	0	0	0	0	240	1000	1000	0	0
697	民居2	24	民居	7	第2个民居，生产金币			7	0	0	0	0	360	1000	1000	0	0
698	民居2	24	民居	8	第2个民居，生产金币			8	0	0	0	0	540	1000	1000	0	0
699	民居2	24	民居	9	第2个民居，生产金币			9	0	0	0	0	720	1000	1000	0	0
700	民居2	24	民居	10	第2个民居，生产金币			10	0	0	0	0	1020	1000	1000	0	0
701	民居2	24	民居	11	第2个民居，生产金币			11	0	0	0	0	1320	1000	1000	0	0
702	民居2	24	民居	12	第2个民居，生产金币			12	0	0	0	0	300	1000	1000	0	0
703	民居2	24	民居	13	第2个民居，生产金币			13	0	0	0	0	660	1000	1000	0	0
704	民居2	24	民居	14	第2个民居，生产金币			14	0	0	0	0	1260	1000	1000	0	0
705	民居2	24	民居	15	第2个民居，生产金币			15	0	0	0	0	480	1000	1000	0	0
706	民居2	24	民居	16	第2个民居，生产金币			16	0	0	0	0	1140	1000	1000	0	0
707	民居2	24	民居	17	第2个民居，生产金币			17	0	0	0	0	540	1000	1000	0	0
708	民居2	24	民居	18	第2个民居，生产金币			18	0	0	0	0	240	1000	1000	0	0
709	民居2	24	民居	19	第2个民居，生产金币			19	0	0	0	0	960	1000	1000	0	0
710	民居2	24	民居	20	第2个民居，生产金币			20	0	0	0	0	660	1000	1000	0	0
711	民居2	24	民居	21	第2个民居，生产金币			21	0	0	0	0	360	1000	1000	0	0
712	民居2	24	民居	22	第2个民居，生产金币			22	0	0	0	0	420	1000	1000	0	0
713	民居2	24	民居	23	第2个民居，生产金币			23	0	0	0	0	480	1000	1000	0	0
714	民居2	24	民居	24	第2个民居，生产金币			24	0	0	0	0	540	1000	1000	0	0
715	民居2	24	民居	25	第2个民居，生产金币			25	0	0	0	0	840	1000	1000	0	0
716	民居2	24	民居	26	第2个民居，生产金币			26	0	0	0	0	1260	1000	1000	0	0
717	民居2	24	民居	27	第2个民居，生产金币			27	0	0	0	0	1800	1000	1000	0	0
718	民居2	24	民居	28	第2个民居，生产金币			28	0	0	0	0	1140	1000	1000	0	0
719	民居2	24	民居	29	第2个民居，生产金币			29	0	0	0	0	1980	1000	1000	0	0
720	民居2	24	民居	30	第2个民居，生产金币			30	0	0	0	0	1620	1000	1000	0	0
721	民居3	25	民居	1	第三个民居，生产金币			1	0	0	0	0	0	1000	1000	0	0
722	民居3	25	民居	2	第三个民居，生产金币			2	0	0	0	0	300	1000	1000	0	0
723	民居3	25	民居	3	第三个民居，生产金币			3	0	0	0	0	900	1000	1000	0	0
724	民居3	25	民居	4	第三个民居，生产金币			4	0	0	0	0	2700	1000	1000	0	0
725	民居3	25	民居	5	第三个民居，生产金币			5	0	0	0	0	1860	1000	1000	0	0
726	民居3	25	民居	6	第三个民居，生产金币			6	0	0	0	0	240	1000	1000	0	0
727	民居3	25	民居	7	第三个民居，生产金币			7	0	0	0	0	360	1000	1000	0	0
728	民居3	25	民居	8	第三个民居，生产金币			8	0	0	0	0	540	1000	1000	0	0
729	民居3	25	民居	9	第三个民居，生产金币			9	0	0	0	0	720	1000	1000	0	0
730	民居3	25	民居	10	第三个民居，生产金币			10	0	0	0	0	1020	1000	1000	0	0
731	民居3	25	民居	11	第三个民居，生产金币			11	0	0	0	0	1320	1000	1000	0	0
732	民居3	25	民居	12	第三个民居，生产金币			12	0	0	0	0	300	1000	1000	0	0
733	民居3	25	民居	13	第三个民居，生产金币			13	0	0	0	0	660	1000	1000	0	0
734	民居3	25	民居	14	第三个民居，生产金币			14	0	0	0	0	1260	1000	1000	0	0
735	民居3	25	民居	15	第三个民居，生产金币			15	0	0	0	0	480	1000	1000	0	0
736	民居3	25	民居	16	第三个民居，生产金币			16	0	0	0	0	1140	1000	1000	0	0
737	民居3	25	民居	17	第三个民居，生产金币			17	0	0	0	0	540	1000	1000	0	0
738	民居3	25	民居	18	第三个民居，生产金币			18	0	0	0	0	240	1000	1000	0	0
739	民居3	25	民居	19	第三个民居，生产金币			19	0	0	0	0	960	1000	1000	0	0
740	民居3	25	民居	20	第三个民居，生产金币			20	0	0	0	0	660	1000	1000	0	0
741	民居3	25	民居	21	第三个民居，生产金币			21	0	0	0	0	360	1000	1000	0	0
742	民居3	25	民居	22	第三个民居，生产金币			22	0	0	0	0	420	1000	1000	0	0
743	民居3	25	民居	23	第三个民居，生产金币			23	0	0	0	0	480	1000	1000	0	0
744	民居3	25	民居	24	第三个民居，生产金币			24	0	0	0	0	540	1000	1000	0	0
745	民居3	25	民居	25	第三个民居，生产金币			25	0	0	0	0	840	1000	1000	0	0
746	民居3	25	民居	26	第三个民居，生产金币			26	0	0	0	0	1260	1000	1000	0	0
747	民居3	25	民居	27	第三个民居，生产金币			27	0	0	0	0	1800	1000	1000	0	0
748	民居3	25	民居	28	第三个民居，生产金币			28	0	0	0	0	1140	1000	1000	0	0
749	民居3	25	民居	29	第三个民居，生产金币			29	0	0	0	0	1980	1000	1000	0	0
750	民居3	25	民居	30	第三个民居，生产金币			30	0	0	0	0	1620	1000	1000	0	0
751	民居4	26	民居	1	第4个民居，生产金币			1	0	0	0	0	0	1000	1000	0	0
752	民居4	26	民居	2	第4个民居，生产金币			2	0	0	0	0	300	1000	1000	0	0
753	民居4	26	民居	3	第4个民居，生产金币			3	0	0	0	0	900	1000	1000	0	0
754	民居4	26	民居	4	第4个民居，生产金币			4	0	0	0	0	2700	1000	1000	0	0
755	民居4	26	民居	5	第4个民居，生产金币			5	0	0	0	0	1860	1000	1000	0	0
756	民居4	26	民居	6	第4个民居，生产金币			6	0	0	0	0	240	1000	1000	0	0
757	民居4	26	民居	7	第4个民居，生产金币			7	0	0	0	0	360	1000	1000	0	0
758	民居4	26	民居	8	第4个民居，生产金币			8	0	0	0	0	540	1000	1000	0	0
759	民居4	26	民居	9	第4个民居，生产金币			9	0	0	0	0	720	1000	1000	0	0
760	民居4	26	民居	10	第4个民居，生产金币			10	0	0	0	0	1020	1000	1000	0	0
761	民居4	26	民居	11	第4个民居，生产金币			11	0	0	0	0	1320	1000	1000	0	0
762	民居4	26	民居	12	第4个民居，生产金币			12	0	0	0	0	300	1000	1000	0	0
763	民居4	26	民居	13	第4个民居，生产金币			13	0	0	0	0	660	1000	1000	0	0
764	民居4	26	民居	14	第4个民居，生产金币			14	0	0	0	0	1260	1000	1000	0	0
765	民居4	26	民居	15	第4个民居，生产金币			15	0	0	0	0	480	1000	1000	0	0
766	民居4	26	民居	16	第4个民居，生产金币			16	0	0	0	0	1140	1000	1000	0	0
767	民居4	26	民居	17	第4个民居，生产金币			17	0	0	0	0	540	1000	1000	0	0
768	民居4	26	民居	18	第4个民居，生产金币			18	0	0	0	0	240	1000	1000	0	0
769	民居4	26	民居	19	第4个民居，生产金币			19	0	0	0	0	960	1000	1000	0	0
770	民居4	26	民居	20	第4个民居，生产金币			20	0	0	0	0	660	1000	1000	0	0
771	民居4	26	民居	21	第4个民居，生产金币			21	0	0	0	0	360	1000	1000	0	0
772	民居4	26	民居	22	第4个民居，生产金币			22	0	0	0	0	420	1000	1000	0	0
773	民居4	26	民居	23	第4个民居，生产金币			23	0	0	0	0	480	1000	1000	0	0
774	民居4	26	民居	24	第4个民居，生产金币			24	0	0	0	0	540	1000	1000	0	0
775	民居4	26	民居	25	第4个民居，生产金币			25	0	0	0	0	840	1000	1000	0	0
776	民居4	26	民居	26	第4个民居，生产金币			26	0	0	0	0	1260	1000	1000	0	0
777	民居4	26	民居	27	第4个民居，生产金币			27	0	0	0	0	1800	1000	1000	0	0
778	民居4	26	民居	28	第4个民居，生产金币			28	0	0	0	0	1140	1000	1000	0	0
779	民居4	26	民居	29	第4个民居，生产金币			29	0	0	0	0	1980	1000	1000	0	0
780	民居4	26	民居	30	第4个民居，生产金币			30	0	0	0	0	1620	1000	1000	0	0
781	民居5	27	民居	1	第五个民居，生产金币			1	0	0	0	0	0	1000	1000	0	0
782	民居5	27	民居	2	第五个民居，生产金币			2	0	0	0	0	300	1000	1000	0	0
783	民居5	27	民居	3	第五个民居，生产金币			3	0	0	0	0	900	1000	1000	0	0
784	民居5	27	民居	4	第五个民居，生产金币			4	0	0	0	0	2700	1000	1000	0	0
785	民居5	27	民居	5	第五个民居，生产金币			5	0	0	0	0	1860	1000	1000	0	0
786	民居5	27	民居	6	第五个民居，生产金币			6	0	0	0	0	240	1000	1000	0	0
787	民居5	27	民居	7	第五个民居，生产金币			7	0	0	0	0	360	1000	1000	0	0
788	民居5	27	民居	8	第五个民居，生产金币			8	0	0	0	0	540	1000	1000	0	0
789	民居5	27	民居	9	第五个民居，生产金币			9	0	0	0	0	720	1000	1000	0	0
790	民居5	27	民居	10	第五个民居，生产金币			10	0	0	0	0	1020	1000	1000	0	0
791	民居5	27	民居	11	第五个民居，生产金币			11	0	0	0	0	1320	1000	1000	0	0
792	民居5	27	民居	12	第五个民居，生产金币			12	0	0	0	0	300	1000	1000	0	0
793	民居5	27	民居	13	第五个民居，生产金币			13	0	0	0	0	660	1000	1000	0	0
794	民居5	27	民居	14	第五个民居，生产金币			14	0	0	0	0	1260	1000	1000	0	0
795	民居5	27	民居	15	第五个民居，生产金币			15	0	0	0	0	480	1000	1000	0	0
796	民居5	27	民居	16	第五个民居，生产金币			16	0	0	0	0	1140	1000	1000	0	0
797	民居5	27	民居	17	第五个民居，生产金币			17	0	0	0	0	540	1000	1000	0	0
798	民居5	27	民居	18	第五个民居，生产金币			18	0	0	0	0	240	1000	1000	0	0
799	民居5	27	民居	19	第五个民居，生产金币			19	0	0	0	0	960	1000	1000	0	0
800	民居5	27	民居	20	第五个民居，生产金币			20	0	0	0	0	660	1000	1000	0	0
801	民居5	27	民居	21	第五个民居，生产金币			21	0	0	0	0	360	1000	1000	0	0
802	民居5	27	民居	22	第五个民居，生产金币			22	0	0	0	0	420	1000	1000	0	0
803	民居5	27	民居	23	第五个民居，生产金币			23	0	0	0	0	480	1000	1000	0	0
804	民居5	27	民居	24	第五个民居，生产金币			24	0	0	0	0	540	1000	1000	0	0
805	民居5	27	民居	25	第五个民居，生产金币			25	0	0	0	0	840	1000	1000	0	0
806	民居5	27	民居	26	第五个民居，生产金币			26	0	0	0	0	1260	1000	1000	0	0
807	民居5	27	民居	27	第五个民居，生产金币			27	0	0	0	0	1800	1000	1000	0	0
808	民居5	27	民居	28	第五个民居，生产金币			28	0	0	0	0	1140	1000	1000	0	0
809	民居5	27	民居	29	第五个民居，生产金币			29	0	0	0	0	1980	1000	1000	0	0
810	民居5	27	民居	30	第五个民居，生产金币			30	0	0	0	0	1620	1000	1000	0	0
811	民居6	28	民居	1	第6个民居，生产金币			1	0	0	0	0	0	1000	1000	0	0
812	民居6	28	民居	2	第6个民居，生产金币			2	0	0	0	0	300	1000	1000	0	0
813	民居6	28	民居	3	第6个民居，生产金币			3	0	0	0	0	900	1000	1000	0	0
814	民居6	28	民居	4	第6个民居，生产金币			4	0	0	0	0	2700	1000	1000	0	0
815	民居6	28	民居	5	第6个民居，生产金币			5	0	0	0	0	1860	1000	1000	0	0
816	民居6	28	民居	6	第6个民居，生产金币			6	0	0	0	0	240	1000	1000	0	0
817	民居6	28	民居	7	第6个民居，生产金币			7	0	0	0	0	360	1000	1000	0	0
818	民居6	28	民居	8	第6个民居，生产金币			8	0	0	0	0	540	1000	1000	0	0
819	民居6	28	民居	9	第6个民居，生产金币			9	0	0	0	0	720	1000	1000	0	0
820	民居6	28	民居	10	第6个民居，生产金币			10	0	0	0	0	1020	1000	1000	0	0
821	民居6	28	民居	11	第6个民居，生产金币			11	0	0	0	0	1320	1000	1000	0	0
822	民居6	28	民居	12	第6个民居，生产金币			12	0	0	0	0	300	1000	1000	0	0
823	民居6	28	民居	13	第6个民居，生产金币			13	0	0	0	0	660	1000	1000	0	0
824	民居6	28	民居	14	第6个民居，生产金币			14	0	0	0	0	1260	1000	1000	0	0
825	民居6	28	民居	15	第6个民居，生产金币			15	0	0	0	0	480	1000	1000	0	0
826	民居6	28	民居	16	第6个民居，生产金币			16	0	0	0	0	1140	1000	1000	0	0
827	民居6	28	民居	17	第6个民居，生产金币			17	0	0	0	0	540	1000	1000	0	0
828	民居6	28	民居	18	第6个民居，生产金币			18	0	0	0	0	240	1000	1000	0	0
829	民居6	28	民居	19	第6个民居，生产金币			19	0	0	0	0	960	1000	1000	0	0
830	民居6	28	民居	20	第6个民居，生产金币			20	0	0	0	0	660	1000	1000	0	0
831	民居6	28	民居	21	第6个民居，生产金币			21	0	0	0	0	360	1000	1000	0	0
832	民居6	28	民居	22	第6个民居，生产金币			22	0	0	0	0	420	1000	1000	0	0
833	民居6	28	民居	23	第6个民居，生产金币			23	0	0	0	0	480	1000	1000	0	0
834	民居6	28	民居	24	第6个民居，生产金币			24	0	0	0	0	540	1000	1000	0	0
835	民居6	28	民居	25	第6个民居，生产金币			25	0	0	0	0	840	1000	1000	0	0
836	民居6	28	民居	26	第6个民居，生产金币			26	0	0	0	0	1260	1000	1000	0	0
837	民居6	28	民居	27	第6个民居，生产金币			27	0	0	0	0	1800	1000	1000	0	0
838	民居6	28	民居	28	第6个民居，生产金币			28	0	0	0	0	1140	1000	1000	0	0
839	民居6	28	民居	29	第6个民居，生产金币			29	0	0	0	0	1980	1000	1000	0	0
840	民居6	28	民居	30	第6个民居，生产金币			30	0	0	0	0	1620	1000	1000	0	0
841		29	兵营Ⅰ	1	第一个兵营，造兵			1	0	0	0	0	0	1000	1000	0	0
842		29	兵营Ⅰ	2	第一个兵营，造兵			2	0	0	0	0	300	1000	1000	0	0
843		29	兵营Ⅰ	3	第一个兵营，造兵			3	0	0	0	0	900	1000	1000	0	0
844		29	兵营Ⅰ	4	第一个兵营，造兵			4	0	0	0	0	2700	1000	1000	0	0
845		29	兵营Ⅰ	5	第一个兵营，造兵			5	0	0	0	0	1860	1000	1000	0	0
846		29	兵营Ⅰ	6	第一个兵营，造兵			6	0	0	0	0	240	1000	1000	0	0
847		29	兵营Ⅰ	7	第一个兵营，造兵			7	0	0	0	0	360	1000	1000	0	0
848		29	兵营Ⅰ	8	第一个兵营，造兵			8	0	0	0	0	540	1000	1000	0	0
849		29	兵营Ⅰ	9	第一个兵营，造兵			9	0	0	0	0	720	1000	1000	0	0
850		29	兵营Ⅰ	10	第一个兵营，造兵			10	0	0	0	0	1020	1000	1000	0	0
851		29	兵营Ⅰ	11	第一个兵营，造兵			11	0	0	0	0	1320	1000	1000	0	0
852		29	兵营Ⅰ	12	第一个兵营，造兵			12	0	0	0	0	300	1000	1000	0	0
853		29	兵营Ⅰ	13	第一个兵营，造兵			13	0	0	0	0	660	1000	1000	0	0
854		29	兵营Ⅰ	14	第一个兵营，造兵			14	0	0	0	0	1260	1000	1000	0	0
855		29	兵营Ⅰ	15	第一个兵营，造兵			15	0	0	0	0	480	1000	1000	0	0
856		29	兵营Ⅰ	16	第一个兵营，造兵			16	0	0	0	0	1140	1000	1000	0	0
857		29	兵营Ⅰ	17	第一个兵营，造兵			17	0	0	0	0	540	1000	1000	0	0
858		29	兵营Ⅰ	18	第一个兵营，造兵			18	0	0	0	0	240	1000	1000	0	0
859		29	兵营Ⅰ	19	第一个兵营，造兵			19	0	0	0	0	960	1000	1000	0	0
860		29	兵营Ⅰ	20	第一个兵营，造兵			20	0	0	0	0	660	1000	1000	0	0
861		29	兵营Ⅰ	21	第一个兵营，造兵			21	0	0	0	0	360	1000	1000	0	0
862		29	兵营Ⅰ	22	第一个兵营，造兵			22	0	0	0	0	420	1000	1000	0	0
863		29	兵营Ⅰ	23	第一个兵营，造兵			23	0	0	0	0	480	1000	1000	0	0
864		29	兵营Ⅰ	24	第一个兵营，造兵			24	0	0	0	0	540	1000	1000	0	0
865		29	兵营Ⅰ	25	第一个兵营，造兵			25	0	0	0	0	840	1000	1000	0	0
866		29	兵营Ⅰ	26	第一个兵营，造兵			26	0	0	0	0	1260	1000	1000	0	0
867		29	兵营Ⅰ	27	第一个兵营，造兵			27	0	0	0	0	1800	1000	1000	0	0
868		29	兵营Ⅰ	28	第一个兵营，造兵			28	0	0	0	0	1140	1000	1000	0	0
869		29	兵营Ⅰ	29	第一个兵营，造兵			29	0	0	0	0	1980	1000	1000	0	0
870		29	兵营Ⅰ	30	第一个兵营，造兵			30	0	0	0	0	1620	1000	1000	0	0
871		30	兵营Ⅱ	1	第2个兵营，造兵			1	0	0	0	0	0	1000	1000	0	0
872		30	兵营Ⅱ	2	第2个兵营，造兵			2	0	0	0	0	300	1000	1000	0	0
873		30	兵营Ⅱ	3	第2个兵营，造兵			3	0	0	0	0	900	1000	1000	0	0
874		30	兵营Ⅱ	4	第2个兵营，造兵			4	0	0	0	0	2700	1000	1000	0	0
875		30	兵营Ⅱ	5	第2个兵营，造兵			5	0	0	0	0	1860	1000	1000	0	0
876		30	兵营Ⅱ	6	第2个兵营，造兵			6	0	0	0	0	240	1000	1000	0	0
877		30	兵营Ⅱ	7	第2个兵营，造兵			7	0	0	0	0	360	1000	1000	0	0
878		30	兵营Ⅱ	8	第2个兵营，造兵			8	0	0	0	0	540	1000	1000	0	0
879		30	兵营Ⅱ	9	第2个兵营，造兵			9	0	0	0	0	720	1000	1000	0	0
880		30	兵营Ⅱ	10	第2个兵营，造兵			10	0	0	0	0	1020	1000	1000	0	0
881		30	兵营Ⅱ	11	第2个兵营，造兵			11	0	0	0	0	1320	1000	1000	0	0
882		30	兵营Ⅱ	12	第2个兵营，造兵			12	0	0	0	0	300	1000	1000	0	0
883		30	兵营Ⅱ	13	第2个兵营，造兵			13	0	0	0	0	660	1000	1000	0	0
884		30	兵营Ⅱ	14	第2个兵营，造兵			14	0	0	0	0	1260	1000	1000	0	0
885		30	兵营Ⅱ	15	第2个兵营，造兵			15	0	0	0	0	480	1000	1000	0	0
886		30	兵营Ⅱ	16	第2个兵营，造兵			16	0	0	0	0	1140	1000	1000	0	0
887		30	兵营Ⅱ	17	第2个兵营，造兵			17	0	0	0	0	540	1000	1000	0	0
888		30	兵营Ⅱ	18	第2个兵营，造兵			18	0	0	0	0	240	1000	1000	0	0
889		30	兵营Ⅱ	19	第2个兵营，造兵			19	0	0	0	0	960	1000	1000	0	0
890		30	兵营Ⅱ	20	第2个兵营，造兵			20	0	0	0	0	660	1000	1000	0	0
891		30	兵营Ⅱ	21	第2个兵营，造兵			21	0	0	0	0	360	1000	1000	0	0
892		30	兵营Ⅱ	22	第2个兵营，造兵			22	0	0	0	0	420	1000	1000	0	0
893		30	兵营Ⅱ	23	第2个兵营，造兵			23	0	0	0	0	480	1000	1000	0	0
894		30	兵营Ⅱ	24	第2个兵营，造兵			24	0	0	0	0	540	1000	1000	0	0
895		30	兵营Ⅱ	25	第2个兵营，造兵			25	0	0	0	0	840	1000	1000	0	0
896		30	兵营Ⅱ	26	第2个兵营，造兵			26	0	0	0	0	1260	1000	1000	0	0
897		30	兵营Ⅱ	27	第2个兵营，造兵			27	0	0	0	0	1800	1000	1000	0	0
898		30	兵营Ⅱ	28	第2个兵营，造兵			28	0	0	0	0	1140	1000	1000	0	0
899		30	兵营Ⅱ	29	第2个兵营，造兵			29	0	0	0	0	1980	1000	1000	0	0
900		30	兵营Ⅱ	30	第2个兵营，造兵			30	0	0	0	0	1620	1000	1000	0	0
901		31	兵营Ⅲ	1	第三个兵营，造兵			1	0	0	0	0	0	1000	1000	0	0
902		31	兵营Ⅲ	2	第三个兵营，造兵			2	0	0	0	0	300	1000	1000	0	0
903		31	兵营Ⅲ	3	第三个兵营，造兵			3	0	0	0	0	900	1000	1000	0	0
904		31	兵营Ⅲ	4	第三个兵营，造兵			4	0	0	0	0	2700	1000	1000	0	0
905		31	兵营Ⅲ	5	第三个兵营，造兵			5	0	0	0	0	1860	1000	1000	0	0
906		31	兵营Ⅲ	6	第三个兵营，造兵			6	0	0	0	0	240	1000	1000	0	0
907		31	兵营Ⅲ	7	第三个兵营，造兵			7	0	0	0	0	360	1000	1000	0	0
908		31	兵营Ⅲ	8	第三个兵营，造兵			8	0	0	0	0	540	1000	1000	0	0
909		31	兵营Ⅲ	9	第三个兵营，造兵			9	0	0	0	0	720	1000	1000	0	0
910		31	兵营Ⅲ	10	第三个兵营，造兵			10	0	0	0	0	1020	1000	1000	0	0
911		31	兵营Ⅲ	11	第三个兵营，造兵			11	0	0	0	0	1320	1000	1000	0	0
912		31	兵营Ⅲ	12	第三个兵营，造兵			12	0	0	0	0	300	1000	1000	0	0
913		31	兵营Ⅲ	13	第三个兵营，造兵			13	0	0	0	0	660	1000	1000	0	0
914		31	兵营Ⅲ	14	第三个兵营，造兵			14	0	0	0	0	1260	1000	1000	0	0
915		31	兵营Ⅲ	15	第三个兵营，造兵			15	0	0	0	0	480	1000	1000	0	0
916		31	兵营Ⅲ	16	第三个兵营，造兵			16	0	0	0	0	1140	1000	1000	0	0
917		31	兵营Ⅲ	17	第三个兵营，造兵			17	0	0	0	0	540	1000	1000	0	0
918		31	兵营Ⅲ	18	第三个兵营，造兵			18	0	0	0	0	240	1000	1000	0	0
919		31	兵营Ⅲ	19	第三个兵营，造兵			19	0	0	0	0	960	1000	1000	0	0
920		31	兵营Ⅲ	20	第三个兵营，造兵			20	0	0	0	0	660	1000	1000	0	0
921		31	兵营Ⅲ	21	第三个兵营，造兵			21	0	0	0	0	360	1000	1000	0	0
922		31	兵营Ⅲ	22	第三个兵营，造兵			22	0	0	0	0	420	1000	1000	0	0
923		31	兵营Ⅲ	23	第三个兵营，造兵			23	0	0	0	0	480	1000	1000	0	0
924		31	兵营Ⅲ	24	第三个兵营，造兵			24	0	0	0	0	540	1000	1000	0	0
925		31	兵营Ⅲ	25	第三个兵营，造兵			25	0	0	0	0	840	1000	1000	0	0
926		31	兵营Ⅲ	26	第三个兵营，造兵			26	0	0	0	0	1260	1000	1000	0	0
927		31	兵营Ⅲ	27	第三个兵营，造兵			27	0	0	0	0	1800	1000	1000	0	0
928		31	兵营Ⅲ	28	第三个兵营，造兵			28	0	0	0	0	1140	1000	1000	0	0
929		31	兵营Ⅲ	29	第三个兵营，造兵			29	0	0	0	0	1980	1000	1000	0	0
930		31	兵营Ⅲ	30	第三个兵营，造兵			30	0	0	0	0	1620	1000	1000	0	0
931		32	兵营Ⅳ	1	第4个兵营，造兵			1	0	0	0	0	0	1000	1000	0	0
932		32	兵营Ⅳ	2	第4个兵营，造兵			2	0	0	0	0	300	1000	1000	0	0
933		32	兵营Ⅳ	3	第4个兵营，造兵			3	0	0	0	0	900	1000	1000	0	0
934		32	兵营Ⅳ	4	第4个兵营，造兵			4	0	0	0	0	2700	1000	1000	0	0
935		32	兵营Ⅳ	5	第4个兵营，造兵			5	0	0	0	0	1860	1000	1000	0	0
936		32	兵营Ⅳ	6	第4个兵营，造兵			6	0	0	0	0	240	1000	1000	0	0
937		32	兵营Ⅳ	7	第4个兵营，造兵			7	0	0	0	0	360	1000	1000	0	0
938		32	兵营Ⅳ	8	第4个兵营，造兵			8	0	0	0	0	540	1000	1000	0	0
939		32	兵营Ⅳ	9	第4个兵营，造兵			9	0	0	0	0	720	1000	1000	0	0
940		32	兵营Ⅳ	10	第4个兵营，造兵			10	0	0	0	0	1020	1000	1000	0	0
941		32	兵营Ⅳ	11	第4个兵营，造兵			11	0	0	0	0	1320	1000	1000	0	0
942		32	兵营Ⅳ	12	第4个兵营，造兵			12	0	0	0	0	300	1000	1000	0	0
943		32	兵营Ⅳ	13	第4个兵营，造兵			13	0	0	0	0	660	1000	1000	0	0
944		32	兵营Ⅳ	14	第4个兵营，造兵			14	0	0	0	0	1260	1000	1000	0	0
945		32	兵营Ⅳ	15	第4个兵营，造兵			15	0	0	0	0	480	1000	1000	0	0
946		32	兵营Ⅳ	16	第4个兵营，造兵			16	0	0	0	0	1140	1000	1000	0	0
947		32	兵营Ⅳ	17	第4个兵营，造兵			17	0	0	0	0	540	1000	1000	0	0
948		32	兵营Ⅳ	18	第4个兵营，造兵			18	0	0	0	0	240	1000	1000	0	0
949		32	兵营Ⅳ	19	第4个兵营，造兵			19	0	0	0	0	960	1000	1000	0	0
950		32	兵营Ⅳ	20	第4个兵营，造兵			20	0	0	0	0	660	1000	1000	0	0
951		32	兵营Ⅳ	21	第4个兵营，造兵			21	0	0	0	0	360	1000	1000	0	0
952		32	兵营Ⅳ	22	第4个兵营，造兵			22	0	0	0	0	420	1000	1000	0	0
953		32	兵营Ⅳ	23	第4个兵营，造兵			23	0	0	0	0	480	1000	1000	0	0
954		32	兵营Ⅳ	24	第4个兵营，造兵			24	0	0	0	0	540	1000	1000	0	0
955		32	兵营Ⅳ	25	第4个兵营，造兵			25	0	0	0	0	840	1000	1000	0	0
956		32	兵营Ⅳ	26	第4个兵营，造兵			26	0	0	0	0	1260	1000	1000	0	0
957		32	兵营Ⅳ	27	第4个兵营，造兵			27	0	0	0	0	1800	1000	1000	0	0
958		32	兵营Ⅳ	28	第4个兵营，造兵			28	0	0	0	0	1140	1000	1000	0	0
959		32	兵营Ⅳ	29	第4个兵营，造兵			29	0	0	0	0	1980	1000	1000	0	0
960		32	兵营Ⅳ	30	第4个兵营，造兵			30	0	0	0	0	1620	1000	1000	0	0
961		33	酒馆	1	酒馆，英雄的集中营			1	0	0	0	0	0	1000	1000	0	0
962		33	酒馆	2	酒馆，英雄的集中营			2	0	0	0	0	300	1000	1000	0	0
963		33	酒馆	3	酒馆，英雄的集中营			3	0	0	0	0	900	1000	1000	0	0
964		33	酒馆	4	酒馆，英雄的集中营			4	0	0	0	0	2700	1000	1000	0	0
965		33	酒馆	5	酒馆，英雄的集中营			5	0	0	0	0	1860	1000	1000	0	0
966		33	酒馆	6	酒馆，英雄的集中营			6	0	0	0	0	240	1000	1000	0	0
967		33	酒馆	7	酒馆，英雄的集中营			7	0	0	0	0	360	1000	1000	0	0
968		33	酒馆	8	酒馆，英雄的集中营			8	0	0	0	0	540	1000	1000	0	0
969		33	酒馆	9	酒馆，英雄的集中营			9	0	0	0	0	720	1000	1000	0	0
970		33	酒馆	10	酒馆，英雄的集中营			10	0	0	0	0	1020	1000	1000	0	0
971		33	酒馆	11	酒馆，英雄的集中营			11	0	0	0	0	1320	1000	1000	0	0
972		33	酒馆	12	酒馆，英雄的集中营			12	0	0	0	0	300	1000	1000	0	0
973		33	酒馆	13	酒馆，英雄的集中营			13	0	0	0	0	660	1000	1000	0	0
974		33	酒馆	14	酒馆，英雄的集中营			14	0	0	0	0	1260	1000	1000	0	0
975		33	酒馆	15	酒馆，英雄的集中营			15	0	0	0	0	480	1000	1000	0	0
976		33	酒馆	16	酒馆，英雄的集中营			16	0	0	0	0	1140	1000	1000	0	0
977		33	酒馆	17	酒馆，英雄的集中营			17	0	0	0	0	540	1000	1000	0	0
978		33	酒馆	18	酒馆，英雄的集中营			18	0	0	0	0	240	1000	1000	0	0
979		33	酒馆	19	酒馆，英雄的集中营			19	0	0	0	0	960	1000	1000	0	0
980		33	酒馆	20	酒馆，英雄的集中营			20	0	0	0	0	660	1000	1000	0	0
981		33	酒馆	21	酒馆，英雄的集中营			21	0	0	0	0	360	1000	1000	0	0
982		33	酒馆	22	酒馆，英雄的集中营			22	0	0	0	0	420	1000	1000	0	0
983		33	酒馆	23	酒馆，英雄的集中营			23	0	0	0	0	480	1000	1000	0	0
984		33	酒馆	24	酒馆，英雄的集中营			24	0	0	0	0	540	1000	1000	0	0
985		33	酒馆	25	酒馆，英雄的集中营			25	0	0	0	0	840	1000	1000	0	0
986		33	酒馆	26	酒馆，英雄的集中营			26	0	0	0	0	1260	1000	1000	0	0
987		33	酒馆	27	酒馆，英雄的集中营			27	0	0	0	0	1800	1000	1000	0	0
988		33	酒馆	28	酒馆，英雄的集中营			28	0	0	0	0	1140	1000	1000	0	0
989		33	酒馆	29	酒馆，英雄的集中营			29	0	0	0	0	1980	1000	1000	0	0
990		33	酒馆	30	酒馆，英雄的集中营			30	0	0	0	0	1620	1000	1000	0	0
991		34	训练场	1	训练英雄的地方			1	0	0	0	0	0	1000	1000	0	0
992		34	训练场	2	训练英雄的地方			2	0	0	0	0	300	1000	1000	0	0
993		34	训练场	3	训练英雄的地方			3	0	0	0	0	900	1000	1000	0	0
994		34	训练场	4	训练英雄的地方			4	0	0	0	0	2700	1000	1000	0	0
995		34	训练场	5	训练英雄的地方			5	0	0	0	0	1860	1000	1000	0	0
996		34	训练场	6	训练英雄的地方			6	0	0	0	0	240	1000	1000	0	0
997		34	训练场	7	训练英雄的地方			7	0	0	0	0	360	1000	1000	0	0
998		34	训练场	8	训练英雄的地方			8	0	0	0	0	540	1000	1000	0	0
999		34	训练场	9	训练英雄的地方			9	0	0	0	0	720	1000	1000	0	0
1000		34	训练场	10	训练英雄的地方			10	0	0	0	0	1020	1000	1000	0	0
1001		34	训练场	11	训练英雄的地方			11	0	0	0	0	1320	1000	1000	0	0
1002		34	训练场	12	训练英雄的地方			12	0	0	0	0	300	1000	1000	0	0
1003		34	训练场	13	训练英雄的地方			13	0	0	0	0	660	1000	1000	0	0
1004		34	训练场	14	训练英雄的地方			14	0	0	0	0	1260	1000	1000	0	0
1005		34	训练场	15	训练英雄的地方			15	0	0	0	0	480	1000	1000	0	0
1006		34	训练场	16	训练英雄的地方			16	0	0	0	0	1140	1000	1000	0	0
1007		34	训练场	17	训练英雄的地方			17	0	0	0	0	540	1000	1000	0	0
1008		34	训练场	18	训练英雄的地方			18	0	0	0	0	240	1000	1000	0	0
1009		34	训练场	19	训练英雄的地方			19	0	0	0	0	960	1000	1000	0	0
1010		34	训练场	20	训练英雄的地方			20	0	0	0	0	660	1000	1000	0	0
1011		34	训练场	21	训练英雄的地方			21	0	0	0	0	360	1000	1000	0	0
1012		34	训练场	22	训练英雄的地方			22	0	0	0	0	420	1000	1000	0	0
1013		34	训练场	23	训练英雄的地方			23	0	0	0	0	480	1000	1000	0	0
1014		34	训练场	24	训练英雄的地方			24	0	0	0	0	540	1000	1000	0	0
1015		34	训练场	25	训练英雄的地方			25	0	0	0	0	840	1000	1000	0	0
1016		34	训练场	26	训练英雄的地方			26	0	0	0	0	1260	1000	1000	0	0
1017		34	训练场	27	训练英雄的地方			27	0	0	0	0	1800	1000	1000	0	0
1018		34	训练场	28	训练英雄的地方			28	0	0	0	0	1140	1000	1000	0	0
1019		34	训练场	29	训练英雄的地方			29	0	0	0	0	1980	1000	1000	0	0
1020		34	训练场	30	训练英雄的地方			30	0	0	0	0	1620	1000	1000	0	0
1021		36	教堂	1	教堂能祷告获得资源			1	0	0	0	0	0	1000	1000	0	0
1022		36	教堂	2	教堂能祷告获得资源			2	0	0	0	0	300	1000	1000	0	0
1023		36	教堂	3	教堂能祷告获得资源			3	0	0	0	0	900	1000	1000	0	0
1024		36	教堂	4	教堂能祷告获得资源			4	0	0	0	0	2700	1000	1000	0	0
1025		36	教堂	5	教堂能祷告获得资源			5	0	0	0	0	1860	1000	1000	0	0
1026		36	教堂	6	教堂能祷告获得资源			6	0	0	0	0	240	1000	1000	0	0
1027		36	教堂	7	教堂能祷告获得资源			7	0	0	0	0	360	1000	1000	0	0
1028		36	教堂	8	教堂能祷告获得资源			8	0	0	0	0	540	1000	1000	0	0
1029		36	教堂	9	教堂能祷告获得资源			9	0	0	0	0	720	1000	1000	0	0
1030		36	教堂	10	教堂能祷告获得资源			10	0	0	0	0	1020	1000	1000	0	0
1031		36	教堂	11	教堂能祷告获得资源			11	0	0	0	0	1320	1000	1000	0	0
1032		36	教堂	12	教堂能祷告获得资源			12	0	0	0	0	300	1000	1000	0	0
1033		36	教堂	13	教堂能祷告获得资源			13	0	0	0	0	660	1000	1000	0	0
1034		36	教堂	14	教堂能祷告获得资源			14	0	0	0	0	1260	1000	1000	0	0
1035		36	教堂	15	教堂能祷告获得资源			15	0	0	0	0	480	1000	1000	0	0
1036		36	教堂	16	教堂能祷告获得资源			16	0	0	0	0	1140	1000	1000	0	0
1037		36	教堂	17	教堂能祷告获得资源			17	0	0	0	0	540	1000	1000	0	0
1038		36	教堂	18	教堂能祷告获得资源			18	0	0	0	0	240	1000	1000	0	0
1039		36	教堂	19	教堂能祷告获得资源			19	0	0	0	0	960	1000	1000	0	0
1040		36	教堂	20	教堂能祷告获得资源			20	0	0	0	0	660	1000	1000	0	0
1041		36	教堂	21	教堂能祷告获得资源			21	0	0	0	0	360	1000	1000	0	0
1042		36	教堂	22	教堂能祷告获得资源			22	0	0	0	0	420	1000	1000	0	0
1043		36	教堂	23	教堂能祷告获得资源			23	0	0	0	0	480	1000	1000	0	0
1044		36	教堂	24	教堂能祷告获得资源			24	0	0	0	0	540	1000	1000	0	0
1045		36	教堂	25	教堂能祷告获得资源			25	0	0	0	0	840	1000	1000	0	0
1046		36	教堂	26	教堂能祷告获得资源			26	0	0	0	0	1260	1000	1000	0	0
1047		36	教堂	27	教堂能祷告获得资源			27	0	0	0	0	1800	1000	1000	0	0
1048		36	教堂	28	教堂能祷告获得资源			28	0	0	0	0	1140	1000	1000	0	0
1049		36	教堂	29	教堂能祷告获得资源			29	0	0	0	0	1980	1000	1000	0	0
1050		36	教堂	30	教堂能祷告获得资源			30	0	0	0	0	1620	1000	1000	0	0
1051		37	贸易中心	1	贸易中心能兑换资源，派遣商队			1	0	0	0	0	0	1000	1000	0	0
1052		37	贸易中心	2	贸易中心能兑换资源，派遣商队			2	0	0	0	0	300	1000	1000	0	0
1053		37	贸易中心	3	贸易中心能兑换资源，派遣商队			3	0	0	0	0	900	1000	1000	0	0
1054		37	贸易中心	4	贸易中心能兑换资源，派遣商队			4	0	0	0	0	2700	1000	1000	0	0
1055		37	贸易中心	5	贸易中心能兑换资源，派遣商队			5	0	0	0	0	1860	1000	1000	0	0
1056		37	贸易中心	6	贸易中心能兑换资源，派遣商队			6	0	0	0	0	240	1000	1000	0	0
1057		37	贸易中心	7	贸易中心能兑换资源，派遣商队			7	0	0	0	0	360	1000	1000	0	0
1058		37	贸易中心	8	贸易中心能兑换资源，派遣商队			8	0	0	0	0	540	1000	1000	0	0
1059		37	贸易中心	9	贸易中心能兑换资源，派遣商队			9	0	0	0	0	720	1000	1000	0	0
1060		37	贸易中心	10	贸易中心能兑换资源，派遣商队			10	0	0	0	0	1020	1000	1000	0	0
1061		37	贸易中心	11	贸易中心能兑换资源，派遣商队			11	0	0	0	0	1320	1000	1000	0	0
1062		37	贸易中心	12	贸易中心能兑换资源，派遣商队			12	0	0	0	0	300	1000	1000	0	0
1063		37	贸易中心	13	贸易中心能兑换资源，派遣商队			13	0	0	0	0	660	1000	1000	0	0
1064		37	贸易中心	14	贸易中心能兑换资源，派遣商队			14	0	0	0	0	1260	1000	1000	0	0
1065		37	贸易中心	15	贸易中心能兑换资源，派遣商队			15	0	0	0	0	480	1000	1000	0	0
1066		37	贸易中心	16	贸易中心能兑换资源，派遣商队			16	0	0	0	0	1140	1000	1000	0	0
1067		37	贸易中心	17	贸易中心能兑换资源，派遣商队			17	0	0	0	0	540	1000	1000	0	0
1068		37	贸易中心	18	贸易中心能兑换资源，派遣商队			18	0	0	0	0	240	1000	1000	0	0
1069		37	贸易中心	19	贸易中心能兑换资源，派遣商队			19	0	0	0	0	960	1000	1000	0	0
1070		37	贸易中心	20	贸易中心能兑换资源，派遣商队			20	0	0	0	0	660	1000	1000	0	0
1071		37	贸易中心	21	贸易中心能兑换资源，派遣商队			21	0	0	0	0	360	1000	1000	0	0
1072		37	贸易中心	22	贸易中心能兑换资源，派遣商队			22	0	0	0	0	420	1000	1000	0	0
1073		37	贸易中心	23	贸易中心能兑换资源，派遣商队			23	0	0	0	0	480	1000	1000	0	0
1074		37	贸易中心	24	贸易中心能兑换资源，派遣商队			24	0	0	0	0	540	1000	1000	0	0
1075		37	贸易中心	25	贸易中心能兑换资源，派遣商队			25	0	0	0	0	840	1000	1000	0	0
1076		37	贸易中心	26	贸易中心能兑换资源，派遣商队			26	0	0	0	0	1260	1000	1000	0	0
1077		37	贸易中心	27	贸易中心能兑换资源，派遣商队			27	0	0	0	0	1800	1000	1000	0	0
1078		37	贸易中心	28	贸易中心能兑换资源，派遣商队			28	0	0	0	0	1140	1000	1000	0	0
1079		37	贸易中心	29	贸易中心能兑换资源，派遣商队			29	0	0	0	0	1980	1000	1000	0	0
1080		37	贸易中心	30	贸易中心能兑换资源，派遣商队			30	0	0	0	0	1620	1000	1000	0	0
1081		38	学院	1	学院是研究科技的地方			1	0	0	0	0	0	1000	1000	0	0
1082		38	学院	2	学院是研究科技的地方			2	0	0	0	0	300	1000	1000	0	0
1083		38	学院	3	学院是研究科技的地方			3	0	0	0	0	900	1000	1000	0	0
1084		38	学院	4	学院是研究科技的地方			4	0	0	0	0	2700	1000	1000	0	0
1085		38	学院	5	学院是研究科技的地方			5	0	0	0	0	1860	1000	1000	0	0
1086		38	学院	6	学院是研究科技的地方			6	0	0	0	0	240	1000	1000	0	0
1087		38	学院	7	学院是研究科技的地方			7	0	0	0	0	360	1000	1000	0	0
1088		38	学院	8	学院是研究科技的地方			8	0	0	0	0	540	1000	1000	0	0
1089		38	学院	9	学院是研究科技的地方			9	0	0	0	0	720	1000	1000	0	0
1090		38	学院	10	学院是研究科技的地方			10	0	0	0	0	1020	1000	1000	0	0
1091		38	学院	11	学院是研究科技的地方			11	0	0	0	0	1320	1000	1000	0	0
1092		38	学院	12	学院是研究科技的地方			12	0	0	0	0	300	1000	1000	0	0
1093		38	学院	13	学院是研究科技的地方			13	0	0	0	0	660	1000	1000	0	0
1094		38	学院	14	学院是研究科技的地方			14	0	0	0	0	1260	1000	1000	0	0
1095		38	学院	15	学院是研究科技的地方			15	0	0	0	0	480	1000	1000	0	0
1096		38	学院	16	学院是研究科技的地方			16	0	0	0	0	1140	1000	1000	0	0
1097		38	学院	17	学院是研究科技的地方			17	0	0	0	0	540	1000	1000	0	0
1098		38	学院	18	学院是研究科技的地方			18	0	0	0	0	240	1000	1000	0	0
1099		38	学院	19	学院是研究科技的地方			19	0	0	0	0	960	1000	1000	0	0
1100		38	学院	20	学院是研究科技的地方			20	0	0	0	0	660	1000	1000	0	0
1101		38	学院	21	学院是研究科技的地方			21	0	0	0	0	360	1000	1000	0	0
1102		38	学院	22	学院是研究科技的地方			22	0	0	0	0	420	1000	1000	0	0
1103		38	学院	23	学院是研究科技的地方			23	0	0	0	0	480	1000	1000	0	0
1104		38	学院	24	学院是研究科技的地方			24	0	0	0	0	540	1000	1000	0	0
1105		38	学院	25	学院是研究科技的地方			25	0	0	0	0	840	1000	1000	0	0
1106		38	学院	26	学院是研究科技的地方			26	0	0	0	0	1260	1000	1000	0	0
1107		38	学院	27	学院是研究科技的地方			27	0	0	0	0	1800	1000	1000	0	0
1108		38	学院	28	学院是研究科技的地方			28	0	0	0	0	1140	1000	1000	0	0
1109		38	学院	29	学院是研究科技的地方			29	0	0	0	0	1980	1000	1000	0	0
1110		38	学院	30	学院是研究科技的地方			30	0	0	0	0	1620	1000	1000	0	0
1111		39	使馆	1	联盟的入口，援助			1	0	0	0	0	0	1000	1000	0	0
1112		39	使馆	2	联盟的入口，援助			2	0	0	0	0	300	1000	1000	0	0
1113		39	使馆	3	联盟的入口，援助			3	0	0	0	0	900	1000	1000	0	0
1114		39	使馆	4	联盟的入口，援助			4	0	0	0	0	2700	1000	1000	0	0
1115		39	使馆	5	联盟的入口，援助			5	0	0	0	0	1860	1000	1000	0	0
1116		39	使馆	6	联盟的入口，援助			6	0	0	0	0	240	1000	1000	0	0
1117		39	使馆	7	联盟的入口，援助			7	0	0	0	0	360	1000	1000	0	0
1118		39	使馆	8	联盟的入口，援助			8	0	0	0	0	540	1000	1000	0	0
1119		39	使馆	9	联盟的入口，援助			9	0	0	0	0	720	1000	1000	0	0
1120		39	使馆	10	联盟的入口，援助			10	0	0	0	0	1020	1000	1000	0	0
1121		39	使馆	11	联盟的入口，援助			11	0	0	0	0	1320	1000	1000	0	0
1122		39	使馆	12	联盟的入口，援助			12	0	0	0	0	300	1000	1000	0	0
1123		39	使馆	13	联盟的入口，援助			13	0	0	0	0	660	1000	1000	0	0
1124		39	使馆	14	联盟的入口，援助			14	0	0	0	0	1260	1000	1000	0	0
1125		39	使馆	15	联盟的入口，援助			15	0	0	0	0	480	1000	1000	0	0
1126		39	使馆	16	联盟的入口，援助			16	0	0	0	0	1140	1000	1000	0	0
1127		39	使馆	17	联盟的入口，援助			17	0	0	0	0	540	1000	1000	0	0
1128		39	使馆	18	联盟的入口，援助			18	0	0	0	0	240	1000	1000	0	0
1129		39	使馆	19	联盟的入口，援助			19	0	0	0	0	960	1000	1000	0	0
1130		39	使馆	20	联盟的入口，援助			20	0	0	0	0	660	1000	1000	0	0
1131		39	使馆	21	联盟的入口，援助			21	0	0	0	0	360	1000	1000	0	0
1132		39	使馆	22	联盟的入口，援助			22	0	0	0	0	420	1000	1000	0	0
1133		39	使馆	23	联盟的入口，援助			23	0	0	0	0	480	1000	1000	0	0
1134		39	使馆	24	联盟的入口，援助			24	0	0	0	0	540	1000	1000	0	0
1135		39	使馆	25	联盟的入口，援助			25	0	0	0	0	840	1000	1000	0	0
1136		39	使馆	26	联盟的入口，援助			26	0	0	0	0	1260	1000	1000	0	0
1137		39	使馆	27	联盟的入口，援助			27	0	0	0	0	1800	1000	1000	0	0
1138		39	使馆	28	联盟的入口，援助			28	0	0	0	0	1140	1000	1000	0	0
1139		39	使馆	29	联盟的入口，援助			29	0	0	0	0	1980	1000	1000	0	0
1140		39	使馆	30	联盟的入口，援助			30	0	0	0	0	1620	1000	1000	0	0
1141		35	铁匠铺	0	打造英雄装备			0	0	0	0	0	900	1000	1000	0	0
1142	装饰建筑1		装饰1（名字待定）	0	装饰性建筑，对其他建筑有属性加成的功能			0	0	0	0	0	0	1000	1000	0	0
1143	装饰建筑2		装饰2（名字待定）	0	装饰性建筑，对其他建筑有属性加成的功能			0	0	0	0	0	0	1000	1000	0	0
1144	装饰建筑3		装饰3（名字待定）	0	装饰性建筑，对其他建筑有属性加成的功能			0	0	0	0	0	0	1000	1000	0	0
1145	装饰建筑4		装饰4（名字待定）	0	装饰性建筑，对其他建筑有属性加成的功能			0	0	0	0	0	0	1000	1000	0	0
1146	装饰建筑5		装饰5（名字待定）	0	装饰性建筑，对其他建筑有属性加成的功能			0	0	0	0	0	0	1000	1000	0	0
1147	装饰建筑6		装饰6（名字待定）	0	装饰性建筑，对其他建筑有属性加成的功能			0	0	0	0	0	0	1000	1000	0	0
1148	装饰建筑7		装饰7（名字待定）	0	装饰性建筑，对其他建筑有属性加成的功能			0	0	0	0	0	0	1000	1000	0	0
1149	装饰建筑8		装饰8（名字待定）	0	装饰性建筑，对其他建筑有属性加成的功能			0	0	0	0	0	0	1000	1000	0	0
1150	装饰建筑9		装饰9（名字待定）	0	装饰性建筑，对其他建筑有属性加成的功能			0	0	0	0	0	0	1000	1000	0	0
1151	装饰建筑10		装饰10（名字待定）	0	装饰性建筑，对其他建筑有属性加成的功能			0	0	0	0	0	0	1000	1000	0	0
1152	装饰建筑11		装饰11（名字待定）	0	装饰性建筑，对其他建筑有属性加成的功能			0	0	0	0	0	0	1000	1000	0	0
1153	装饰建筑12		装饰12（名字待定）	0	装饰性建筑，对其他建筑有属性加成的功能			0	0	0	0	0	0	1000	1000	0	0
1154	装饰建筑13		装饰13（名字待定）	0	装饰性建筑，对其他建筑有属性加成的功能			0	0	0	0	0	0	1000	1000	0	0
1155	装饰建筑14		装饰14（名字待定）	0	装饰性建筑，对其他建筑有属性加成的功能			0	0	0	0	0	0	1000	1000	0	0
1156	装饰建筑15		装饰15（名字待定）	0	装饰性建筑，对其他建筑有属性加成的功能			0	0	0	0	0	0	1000	1000	0	0
1157	装饰建筑16		装饰16（名字待定）	0	装饰性建筑，对其他建筑有属性加成的功能			0	0	0	0	0	0	1000	1000	0	0
1158	装饰建筑17		装饰17（名字待定）	0	装饰性建筑，对其他建筑有属性加成的功能			0	0	0	0	0	0	1000	1000	0	0
1159	装饰建筑18		装饰18（名字待定）	0	装饰性建筑，对其他建筑有属性加成的功能			0	0	0	0	0	0	1000	1000	0	0
1160	装饰建筑19		装饰19（名字待定）	0	装饰性建筑，对其他建筑有属性加成的功能			0	0	0	0	0	0	1000	1000	0	0
1161	装饰建筑20		装饰20（名字待定）	0	装饰性建筑，对其他建筑有属性加成的功能			0	0	0	0	0	0	1000	1000	0	0
