SpriteAtlasTexture-Terrain-1024x1024-fmt32 1024 1024 32 699136 11
00_south_sand 0 0.3984375 0.125 0.125

01_badland_soil 0 0 0.125 0.125

02_blacksoil_normal 0.6640625 0.1328125 0.125 0.125

03_blacksoil_tough 0.3984375 0 0.125 0.125

04_flower_land 0.265625 0.1328125 0.125 0.125

05_forest_land 0 0.1328125 0.125 0.125

06_frozen_soil 0.3984375 0.1328125 0.125 0.125

07_gaint_land 0.265625 0.265625 0.125 0.125

08_grassland_north 0.265625 0 0.125 0.125

09_grassland_south 0.1328125 0.1328125 0.125 0.125

10_ice_land 0.53125 0 0.125 0.125

11_lava_land 0 0.6640625 0.125 0.125

12_lava_road 0.1328125 0.53125 0.125 0.125

13_mountain_gravel 0.265625 0.3984375 0.125 0.125

14_mountain_surface 0 0.53125 0.125 0.125

15_north_sand 0.3984375 0.3984375 0.125 0.125

16_plain_flowers 0.3984375 0.265625 0.125 0.125

17_plain_road 0.1328125 0.3984375 0.125 0.125

18_plain_thin 0.53125 0.1328125 0.125 0.125

19_snow_land 0.1328125 0.265625 0.125 0.125

20_soil_gravel 0 0.265625 0.125 0.125

21_soil_normal 0.1328125 0 0.125 0.125

22_soil_road 0.6640625 0 0.125 0.125

